validity: 0.9 0.9 0.9
average_pairwise_L0_distance: 11.368353729996949 11.506525814066242 11.644697898135535
average_pairwise_L1_distance: 5.608344032576257 5.826005668216217 6.043667303856177
average_pairwise_binned_L0_distance: 9.837833786263682 10.197920880450166 10.55800797463665
accuracy_trained: 0.8924737478196759 0.8976667035275904 0.9028596592355048
IFr_trained: 0.01868557748725591 0.0851475 0.1516094225127441
valid_IFr_trained: 0.02295178977498579 0.056584999999999996 0.0902182102250142
accuracy_retrained: 0.870867149234507 0.8894835784584763 0.9081000076824455
IFr_retrained: -0.03539138492097564 0.0260025 0.08739638492097564
valid_IFr_retrained: -0.020533605852916397 0.014457500000000002 0.0494486058529164
