validity: 0.35 0.35 0.35
average_pairwise_L0_distance: 11.750930419894335 11.82198995058548 11.893049481276627
average_pairwise_L1_distance: 5.9924755109318015 6.231447318370578 6.470419125809355
average_pairwise_binned_L0_distance: 10.347075709398649 10.74334967016176 11.13962363092487
accuracy_trained: 0.8924737478196759 0.8976667035275904 0.9028596592355048
IFr_trained: 0.01868557748725591 0.0851475 0.1516094225127441
valid_IFr_trained: 0.02295178977498579 0.056584999999999996 0.0902182102250142
accuracy_retrained: 0.8742454434595379 0.8894835784584764 0.9047217134574148
IFr_retrained: -0.015294264299066291 0.01483 0.04495426429906629
valid_IFr_retrained: -0.011095457068765212 0.01029 0.03167545706876521
