validity: 0.45 0.45 0.45
average_pairwise_L0_distance: 11.718218552097943 11.793760498748721 11.8693024453995
average_pairwise_L1_distance: 5.968463138335987 6.19024452764193 6.412025916947873
average_pairwise_binned_L0_distance: 10.300170955787591 10.691484933224285 11.082798910660978
accuracy_trained: 0.8924737478196759 0.8976667035275904 0.9028596592355048
IFr_trained: 0.01868557748725591 0.0851475 0.1516094225127441
valid_IFr_trained: 0.02295178977498579 0.056584999999999996 0.0902182102250142
accuracy_retrained: 0.8710501944456606 0.8891960632533452 0.9073419320610299
IFr_retrained: -0.020777309651986382 0.017865 0.05650730965198638
valid_IFr_retrained: -0.013043000764080012 0.0113 0.03564300076408001
