validity: 1.0 1.0 1.0
average_pairwise_L0_distance: 11.253015669521119 11.411038684369046 11.569061699216974
average_pairwise_L1_distance: 5.492577825508234 5.7130195453965005 5.933461265284767
average_pairwise_binned_L0_distance: 9.683221176500867 10.043337549157405 10.403453921813943
accuracy_trained: 0.8924737478196759 0.8976667035275904 0.9028596592355048
IFr_trained: 0.01868557748725591 0.0851475 0.1516094225127441
valid_IFr_trained: 0.02295178977498579 0.056584999999999996 0.0902182102250142
accuracy_retrained: 0.8692586222670841 0.8879575362158576 0.9066564501646311
IFr_retrained: -0.01612828425151928 0.00895 0.034028284251519283
valid_IFr_retrained: -0.012754002528059964 0.008005000000000002 0.028764002528059968
