validity: 0.7 0.7 0.7
average_pairwise_L0_distance: 11.565312699089006 11.666280161711338 11.76724762433367
average_pairwise_L1_distance: 5.792736254374764 6.022146765392419 6.251557276410074
average_pairwise_binned_L0_distance: 10.074134037321752 10.462071234775284 10.850008432228815
accuracy_trained: 0.8924737478196759 0.8976667035275904 0.9028596592355048
IFr_trained: 0.01868557748725591 0.0851475 0.1516094225127441
valid_IFr_trained: 0.02295178977498579 0.056584999999999996 0.0902182102250142
accuracy_retrained: 0.8708758601843407 0.8860997456596262 0.9013236311349118
IFr_retrained: -0.018590478691093124 0.008924999999999999 0.036440478691093126
valid_IFr_retrained: -0.01306839285097503 0.0058125 0.024693392850975028
