validity: 0.6499999999999999 0.6500000000000001 0.6500000000000004
average_pairwise_L0_distance: 11.599027711069969 11.695446359046187 11.791865007022405
average_pairwise_L1_distance: 5.857907447882459 6.063724088613253 6.2695407293440475
average_pairwise_binned_L0_distance: 10.14301718041008 10.51420520493068 10.885393229451278
accuracy_trained: 0.8924737478196759 0.8976667035275904 0.9028596592355048
IFr_trained: 0.01868557748725591 0.0851475 0.1516094225127441
valid_IFr_trained: 0.02295178977498579 0.056584999999999996 0.0902182102250142
accuracy_retrained: 0.8811903132389209 0.8936857237642375 0.906181134289554
IFr_retrained: -0.007045415746417566 0.026500000000000003 0.06004541574641757
valid_IFr_retrained: -0.0007981071372744359 0.01456 0.029918107137274434
