validity: 0.2999999999999998 0.29999999999999993 0.30000000000000004
average_pairwise_L0_distance: 11.748512373238663 11.82685010602818 11.905187838817698
average_pairwise_L1_distance: 5.997897644350974 6.246735376959419 6.495573109567864
average_pairwise_binned_L0_distance: 10.34129065011234 10.759805525219033 11.178320400325726
accuracy_trained: 0.8924737478196759 0.8976667035275904 0.9028596592355048
IFr_trained: 0.01868557748725591 0.0851475 0.1516094225127441
valid_IFr_trained: 0.02295178977498579 0.056584999999999996 0.0902182102250142
accuracy_retrained: 0.8724707901463208 0.8884551586862767 0.9044395272262326
IFr_retrained: -0.01854674302321899 0.0160575 0.05066174302321899
valid_IFr_retrained: -0.012763407140178823 0.010715 0.03419340714017882
