validity: 0.9499999999999996 0.9499999999999998 0.9500000000000001
average_pairwise_L0_distance: 11.309604075567094 11.46278943489184 11.615974794216587
average_pairwise_L1_distance: 5.546466994189278 5.774919838874597 6.003372683559916
average_pairwise_binned_L0_distance: 9.751790366916968 10.126028693723034 10.500267020529101
accuracy_trained: 0.8924737478196759 0.8976667035275904 0.9028596592355048
IFr_trained: 0.01868557748725591 0.0851475 0.1516094225127441
valid_IFr_trained: 0.02295178977498579 0.056584999999999996 0.0902182102250142
accuracy_retrained: 0.8729907460665828 0.8891739466991044 0.9053571473316261
IFr_retrained: -0.027954637276395994 0.018045 0.06404463727639599
valid_IFr_retrained: -0.009906608520467066 0.00836 0.026626608520467065
