validity: 0.5999999999999996 0.5999999999999999 0.6000000000000001
average_pairwise_L0_distance: 11.631753769137433 11.72665751673678 11.821561264336129
average_pairwise_L1_distance: 5.874228558685454 6.097744516565224 6.321260474444994
average_pairwise_binned_L0_distance: 10.184828452469668 10.567426637315062 10.950024822160456
accuracy_trained: 0.8924737478196759 0.8976667035275904 0.9028596592355048
IFr_trained: 0.01868557748725591 0.0851475 0.1516094225127441
valid_IFr_trained: 0.02295178977498579 0.056584999999999996 0.0902182102250142
accuracy_retrained: 0.8709346529153549 0.8861329204909876 0.9013311880666203
IFr_retrained: -0.027514614056895207 0.012480000000000002 0.052474614056895214
valid_IFr_retrained: -0.015801660999488956 0.007602500000000001 0.03100666099948896
