validity: 0.75 0.75 0.75
average_pairwise_L0_distance: 11.519943864825304 11.629834872741698 11.739725880658092
average_pairwise_L1_distance: 5.7552916329694765 5.983790023309728 6.21228841364998
average_pairwise_binned_L0_distance: 10.025068973001547 10.404111958901225 10.783154944800904
accuracy_trained: 0.8924737478196759 0.8976667035275904 0.9028596592355048
IFr_trained: 0.01868557748725591 0.0851475 0.1516094225127441
valid_IFr_trained: 0.02295178977498579 0.056584999999999996 0.0902182102250142
accuracy_retrained: 0.8713100688528972 0.8873161561428728 0.9033222434328485
IFr_retrained: -0.025637931385266956 0.017499999999999998 0.06063793138526695
valid_IFr_retrained: -0.0164918341314848 0.0098475 0.036186834131484796
