validity: 0.4 0.4 0.4
average_pairwise_L0_distance: 11.72232057293975 11.806450272049208 11.890579971158665
average_pairwise_L1_distance: 5.973646789311597 6.2080388817792596 6.442430974246922
average_pairwise_binned_L0_distance: 10.311905636886955 10.718162529200601 11.124419421514247
accuracy_trained: 0.8924737478196759 0.8976667035275904 0.9028596592355048
IFr_trained: 0.01868557748725591 0.0851475 0.1516094225127441
valid_IFr_trained: 0.02295178977498579 0.056584999999999996 0.0902182102250142
accuracy_retrained: 0.8728547260508926 0.8894393453499945 0.9060239646490963
IFr_retrained: -0.022008042432855777 0.021512499999999997 0.06503304243285576
valid_IFr_retrained: -0.01318799149673969 0.0123575 0.03790299149673969
