validity: 0.1 0.1 0.1
average_pairwise_L0_distance: 11.774361265616418 11.841575657105357 11.908790048594296
average_pairwise_L1_distance: 6.048122506794011 6.288350424598416 6.528578342402821
average_pairwise_binned_L0_distance: 10.400834730922341 10.813131271701495 11.22542781248065
accuracy_trained: 0.8924737478196759 0.8976667035275904 0.9028596592355048
IFr_trained: 0.01868557748725591 0.0851475 0.1516094225127441
valid_IFr_trained: 0.02295178977498579 0.056584999999999996 0.0902182102250142
accuracy_retrained: 0.8702919411751546 0.887260864757271 0.9042297883393873
IFr_retrained: -0.02504887101977811 0.017305 0.05965887101977811
valid_IFr_retrained: -0.016699208036580638 0.010265 0.03722920803658064
