validity: 0.25 0.25 0.25
average_pairwise_L0_distance: 11.750834685068615 11.832957500575441 11.915080316082268
average_pairwise_L1_distance: 6.024634998432671 6.263820056914487 6.503005115396304
average_pairwise_binned_L0_distance: 10.360200458413722 10.779739006616357 11.199277554818991
accuracy_trained: 0.8924737478196759 0.8976667035275904 0.9028596592355048
IFr_trained: 0.01868557748725591 0.0851475 0.1516094225127441
valid_IFr_trained: 0.02295178977498579 0.056584999999999996 0.0902182102250142
accuracy_retrained: 0.8721876143139757 0.8907995134358068 0.9094114125576378
IFr_retrained: -0.02568050259838178 0.025179999999999998 0.07604050259838177
valid_IFr_retrained: -0.01284454407870758 0.014802500000000001 0.04244954407870758
