validity: 0.75 0.75 0.75
average_pairwise_L0_distance: 12.918873492808418 13.304102564102564 13.68933163539671
average_pairwise_L1_distance: 6.69930403134889 7.046469867236834 7.393635703124779
average_pairwise_binned_L0_distance: 12.101128334469637 12.506153846153847 12.911179357838057
accuracy_trained: 0.7279608156674685 0.777 0.8260391843325315
IFr_trained: 0.03816250334903752 0.091015 0.1438674966509625
valid_IFr_trained: 0.04093352313444347 0.075675 0.11041647686555654
accuracy_retrained: 0.7288894531432112 0.78 0.8311105468567889
IFr_retrained: 0.026300122918997436 0.06744 0.10857987708100256
valid_IFr_retrained: 0.02775329237352967 0.061 0.09424670762647033
