validity: 0.05 0.05 0.05
average_pairwise_L0_distance: 13.382526910650105 13.744871794871795 14.107216679093485
average_pairwise_L1_distance: 7.215307614650172 7.555427460925197 7.895547307200221
average_pairwise_binned_L0_distance: 12.818509125208514 13.160256410256409 13.502003695304303
accuracy_trained: 0.7279608156674685 0.777 0.8260391843325315
IFr_trained: 0.03816250334903752 0.091015 0.1438674966509625
valid_IFr_trained: 0.04093352313444347 0.075675 0.11041647686555654
accuracy_retrained: 0.7367925661683489 0.775 0.8132074338316512
IFr_retrained: 0.03753413239886239 0.072375 0.1072158676011376
valid_IFr_retrained: 0.04077886801356002 0.06738 0.09398113198643998
