validity: 0.3 0.3 0.3
average_pairwise_L0_distance: 13.361665714476738 13.67871794871795 13.995770182959161
average_pairwise_L1_distance: 7.090055008897099 7.455298639771485 7.820542270645871
average_pairwise_binned_L0_distance: 12.609896252486022 13.037948717948717 13.466001183411413
accuracy_trained: 0.7279608156674685 0.777 0.8260391843325315
IFr_trained: 0.03816250334903752 0.091015 0.1438674966509625
valid_IFr_trained: 0.04093352313444347 0.075675 0.11041647686555654
accuracy_retrained: 0.7290339255537304 0.775 0.8209660744462697
IFr_retrained: 0.04565010526595237 0.06495999999999999 0.08426989473404761
valid_IFr_retrained: 0.03165008408202143 0.05754 0.08342991591797858
