validity: 0.65 0.65 0.65
average_pairwise_L0_distance: 12.944090873675213 13.37205128205128 13.800011690427345
average_pairwise_L1_distance: 6.721616611541661 7.145364490964037 7.569112370386414
average_pairwise_binned_L0_distance: 12.20387039265927 12.665384615384614 13.126898838109957
accuracy_trained: 0.7279608156674685 0.777 0.8260391843325315
IFr_trained: 0.03816250334903752 0.091015 0.1438674966509625
valid_IFr_trained: 0.04093352313444347 0.075675 0.11041647686555654
accuracy_retrained: 0.7150694781967781 0.774 0.8329305218032219
IFr_retrained: 0.039134287238271205 0.08088999999999999 0.12264571276172878
valid_IFr_retrained: 0.03191290149936806 0.068545 0.10517709850063192
