validity: 0.1 0.1 0.1
average_pairwise_L0_distance: 13.311843373834947 13.732051282051282 14.152259190267618
average_pairwise_L1_distance: 7.189024648373378 7.605574304277923 8.022123960182467
average_pairwise_binned_L0_distance: 12.80353551612355 13.165128205128203 13.526720894132858
accuracy_trained: 0.7279608156674685 0.777 0.8260391843325315
IFr_trained: 0.03816250334903752 0.091015 0.1438674966509625
valid_IFr_trained: 0.04093352313444347 0.075675 0.11041647686555654
accuracy_retrained: 0.7332853371444129 0.779 0.8247146628555871
IFr_retrained: 0.04501259125760357 0.070795 0.09657740874239643
valid_IFr_retrained: 0.03705767573800631 0.063545 0.0900323242619937
