validity: 0.55 0.55 0.55
average_pairwise_L0_distance: 13.150619899093888 13.562820512820513 13.975021126547139
average_pairwise_L1_distance: 6.83235737587196 7.28719506185117 7.74203274783038
average_pairwise_binned_L0_distance: 12.436432404595312 12.866923076923076 13.29741374925084
accuracy_trained: 0.7279608156674685 0.777 0.8260391843325315
IFr_trained: 0.03816250334903752 0.091015 0.1438674966509625
valid_IFr_trained: 0.04093352313444347 0.075675 0.11041647686555654
accuracy_retrained: 0.7074809859216048 0.7869999999999999 0.866519014078395
IFr_retrained: 0.06603850633528274 0.07229 0.07854149366471724
valid_IFr_retrained: 0.05570804882704125 0.06693500000000001 0.07816195117295877
