validity: 0.85 0.85 0.85
average_pairwise_L0_distance: 12.850928891236958 13.126923076923077 13.402917262609197
average_pairwise_L1_distance: 6.481819666539819 6.88416431030006 7.2865089540603005
average_pairwise_binned_L0_distance: 12.13504970341533 12.337948717948716 12.540847732482103
accuracy_trained: 0.7279608156674685 0.777 0.8260391843325315
IFr_trained: 0.03816250334903752 0.091015 0.1438674966509625
valid_IFr_trained: 0.04093352313444347 0.075675 0.11041647686555654
accuracy_retrained: 0.6915293110637638 0.771 0.8504706889362362
IFr_retrained: 0.03727418054336795 0.061965000000000006 0.08665581945663206
valid_IFr_retrained: 0.030499789106272147 0.052539999999999996 0.07458021089372785
