validity: 0.15 0.15 0.15
average_pairwise_L0_distance: 13.50902417727434 13.732564102564103 13.956104027853867
average_pairwise_L1_distance: 7.23474435216863 7.529401118238221 7.824057884307812
average_pairwise_binned_L0_distance: 12.981574193041714 13.161538461538461 13.341502730035208
accuracy_trained: 0.7279608156674685 0.777 0.8260391843325315
IFr_trained: 0.03816250334903752 0.091015 0.1438674966509625
valid_IFr_trained: 0.04093352313444347 0.075675 0.11041647686555654
accuracy_retrained: 0.73204 0.783 0.83396
IFr_retrained: 0.030154652962428773 0.072735 0.11531534703757121
valid_IFr_retrained: 0.027308798229389072 0.064505 0.10170120177061094
