validity: 0.5 0.5 0.5
average_pairwise_L0_distance: 13.378476419760103 13.542307692307693 13.706138964855283
average_pairwise_L1_distance: 6.8863379675481555 7.252455325720026 7.618572683891897
average_pairwise_binned_L0_distance: 12.539110995987402 12.853846153846154 13.168581311704907
accuracy_trained: 0.7279608156674685 0.777 0.8260391843325315
IFr_trained: 0.03816250334903752 0.091015 0.1438674966509625
valid_IFr_trained: 0.04093352313444347 0.075675 0.11041647686555654
accuracy_retrained: 0.7265870013538845 0.7889999999999999 0.8514129986461153
IFr_retrained: 0.04574913312747772 0.08968499999999999 0.13362086687252225
valid_IFr_retrained: 0.044424627218155065 0.077335 0.11024537278184493
