validity: 0.45 0.45 0.45
average_pairwise_L0_distance: 13.456776138557894 13.551538461538462 13.64630078451903
average_pairwise_L1_distance: 6.944871016453231 7.323476151801944 7.702081287150657
average_pairwise_binned_L0_distance: 12.714142109915272 12.883076923076922 13.052011736238573
accuracy_trained: 0.7279608156674685 0.777 0.8260391843325315
IFr_trained: 0.03816250334903752 0.091015 0.1438674966509625
valid_IFr_trained: 0.04093352313444347 0.075675 0.11041647686555654
accuracy_retrained: 0.7391198996992235 0.7790000000000001 0.8188801003007767
IFr_retrained: 0.052757519721961646 0.06320499999999998 0.07365248027803832
valid_IFr_retrained: 0.04227685418528174 0.058785 0.07529314581471826
