validity: 0.95 0.95 0.95
average_pairwise_L0_distance: 12.612913966835633 12.853846153846153 13.094778340856672
average_pairwise_L1_distance: 5.996140038734703 6.600493944717923 7.204847850701142
average_pairwise_binned_L0_distance: 11.613763440146371 11.97948717948718 12.345210918827988
accuracy_trained: 0.7279608156674685 0.777 0.8260391843325315
IFr_trained: 0.03816250334903752 0.091015 0.1438674966509625
valid_IFr_trained: 0.04093352313444347 0.075675 0.11041647686555654
accuracy_retrained: 0.7109905418342419 0.779 0.8470094581657581
IFr_retrained: 0.03400759434634213 0.06939 0.10477240565365786
valid_IFr_retrained: 0.032449276223427144 0.056179999999999994 0.07991072377657285
