validity: 0.0 0.0 0.0
average_pairwise_L0_distance: 13.422635016438049 13.772307692307692 14.121980368177335
average_pairwise_L1_distance: 7.198566525999975 7.572284871739623 7.946003217479272
average_pairwise_binned_L0_distance: 12.852451244753423 13.166923076923078 13.481394909092733
accuracy_trained: 0.7279608156674685 0.777 0.8260391843325315
IFr_trained: 0.03816250334903752 0.091015 0.1438674966509625
valid_IFr_trained: 0.04093352313444347 0.075675 0.11041647686555654
accuracy_retrained: 0.7377939136186961 0.7699999999999999 0.8022060863813038
IFr_retrained: 0.043357944586583694 0.071135 0.09891205541341631
valid_IFr_retrained: 0.042606210570028794 0.0631 0.08359378942997121
