validity: 0.7 0.7 0.7
average_pairwise_L0_distance: 12.91852180796643 13.284102564102565 13.6496833202387
average_pairwise_L1_distance: 6.596472783732276 6.998496209923813 7.40051963611535
average_pairwise_binned_L0_distance: 12.183096652691141 12.504102564102563 12.825108475513986
accuracy_trained: 0.7279608156674685 0.777 0.8260391843325315
IFr_trained: 0.03816250334903752 0.091015 0.1438674966509625
valid_IFr_trained: 0.04093352313444347 0.075675 0.11041647686555654
accuracy_retrained: 0.7381154404558711 0.7889999999999999 0.8398845595441288
IFr_retrained: 0.050771778868795414 0.07278 0.09478822113120458
valid_IFr_retrained: 0.046722772090837306 0.06612 0.08551722790916269
