validity: 0.8 0.8 0.8
average_pairwise_L0_distance: 12.917469926265618 13.142307692307691 13.367145458349764
average_pairwise_L1_distance: 6.604909759096409 6.954048994745827 7.303188230395246
average_pairwise_binned_L0_distance: 12.263622988139002 12.383846153846154 12.504069319553306
accuracy_trained: 0.7279608156674685 0.777 0.8260391843325315
IFr_trained: 0.03816250334903752 0.091015 0.1438674966509625
valid_IFr_trained: 0.04093352313444347 0.075675 0.11041647686555654
accuracy_retrained: 0.7106704618680982 0.774 0.8373295381319018
IFr_retrained: 0.04416863893969885 0.07657 0.10897136106030114
valid_IFr_retrained: 0.03995640982036579 0.06209 0.08422359017963421
