validity: 0.6 0.6 0.6
average_pairwise_L0_distance: 13.126101432261928 13.45 13.77389856773807
average_pairwise_L1_distance: 6.723868971301815 7.15617763634053 7.588486301379245
average_pairwise_binned_L0_distance: 12.361314818383454 12.72051282051282 13.079710822642186
accuracy_trained: 0.7279608156674685 0.777 0.8260391843325315
IFr_trained: 0.03816250334903752 0.091015 0.1438674966509625
valid_IFr_trained: 0.04093352313444347 0.075675 0.11041647686555654
accuracy_retrained: 0.7401154404558712 0.791 0.8418845595441289
IFr_retrained: 0.039089618034389914 0.072325 0.10556038196561009
valid_IFr_retrained: 0.02931235389680851 0.06584 0.10236764610319149
