validity: 0.9 0.9 0.9
average_pairwise_L0_distance: 12.815698448423001 12.954615384615384 13.093532320807766
average_pairwise_L1_distance: 6.154785920718165 6.731663172172221 7.308540423626276
average_pairwise_binned_L0_distance: 11.886013052238901 12.137179487179486 12.38834592212007
accuracy_trained: 0.7279608156674685 0.777 0.8260391843325315
IFr_trained: 0.03816250334903752 0.091015 0.1438674966509625
valid_IFr_trained: 0.04093352313444347 0.075675 0.11041647686555654
accuracy_retrained: 0.7355534237273119 0.7829999999999999 0.8304465762726879
IFr_retrained: 0.051955514923404174 0.06922 0.08648448507659584
valid_IFr_retrained: 0.04556065622010663 0.058804999999999996 0.07204934377989336
