validity: 0.2 0.2 0.2
average_pairwise_L0_distance: 13.353934136969418 13.69794871794872 14.041963298928021
average_pairwise_L1_distance: 7.13064593824656 7.547243783114825 7.963841627983091
average_pairwise_binned_L0_distance: 12.8414296659651 13.13051282051282 13.41959597506054
accuracy_trained: 0.7279608156674685 0.777 0.8260391843325315
IFr_trained: 0.03816250334903752 0.091015 0.1438674966509625
valid_IFr_trained: 0.04093352313444347 0.075675 0.11041647686555654
accuracy_retrained: 0.7226227193410623 0.768 0.8133772806589378
IFr_retrained: 0.03451140022610506 0.07122 0.10792859977389495
valid_IFr_retrained: 0.03380034876852904 0.06771 0.10161965123147097
