validity: 0.35 0.35 0.35
average_pairwise_L0_distance: 13.405589779136367 13.688205128205126 13.970820477273886
average_pairwise_L1_distance: 7.003006622115468 7.460189608782369 7.917372595449271
average_pairwise_binned_L0_distance: 12.700849482656988 13.093589743589742 13.486330004522497
accuracy_trained: 0.7279608156674685 0.777 0.8260391843325315
IFr_trained: 0.03816250334903752 0.091015 0.1438674966509625
valid_IFr_trained: 0.04093352313444347 0.075675 0.11041647686555654
accuracy_retrained: 0.7334221212662311 0.7750000000000001 0.8165778787337692
IFr_retrained: 0.04398412249028372 0.081035 0.11808587750971627
valid_IFr_retrained: 0.027765116853726304 0.07092499999999999 0.11408488314627367
