validity: 0.25 0.25 0.25
average_pairwise_L0_distance: 13.647844599172206 13.795384615384615 13.942924631597023
average_pairwise_L1_distance: 7.193467332662986 7.575212531560948 7.956957730458909
average_pairwise_binned_L0_distance: 12.98246301307597 13.179743589743591 13.377024166411212
accuracy_trained: 0.7279608156674685 0.777 0.8260391843325315
IFr_trained: 0.03816250334903752 0.091015 0.1438674966509625
valid_IFr_trained: 0.04093352313444347 0.075675 0.11041647686555654
accuracy_retrained: 0.7130798569386665 0.769 0.8249201430613335
IFr_retrained: 0.05716918031382748 0.07506499999999999 0.09296081968617251
valid_IFr_retrained: 0.04304052129156319 0.06883500000000001 0.09462947870843683
