validity: 0.4 0.4 0.4
average_pairwise_L0_distance: 13.227633028850239 13.611282051282052 13.994931073713865
average_pairwise_L1_distance: 7.082045222766685 7.358198967950098 7.63435271313351
average_pairwise_binned_L0_distance: 12.414459030015312 12.915384615384616 13.41631020075392
accuracy_trained: 0.7279608156674685 0.777 0.8260391843325315
IFr_trained: 0.03816250334903752 0.091015 0.1438674966509625
valid_IFr_trained: 0.04093352313444347 0.075675 0.11041647686555654
accuracy_retrained: 0.7229108902335282 0.767 0.8110891097664719
IFr_retrained: 0.04996608655644222 0.077875 0.10578391344355778
valid_IFr_retrained: 0.04338868299240073 0.06349 0.08359131700759928
