validity: 1.0 1.0 1.0
average_pairwise_L0_distance: 12.575721979624157 12.805897435897435 13.036072892170713
average_pairwise_L1_distance: 6.052263949175165 6.5578315681302115 7.063399187085258
average_pairwise_binned_L0_distance: 11.625292945124615 11.916153846153843 12.207014747183072
accuracy_trained: 0.7279608156674685 0.777 0.8260391843325315
IFr_trained: 0.03816250334903752 0.091015 0.1438674966509625
valid_IFr_trained: 0.04093352313444347 0.075675 0.11041647686555654
accuracy_retrained: 0.7103654235625336 0.7849999999999999 0.8596345764374662
IFr_retrained: 0.05821439842315955 0.083645 0.10907560157684044
valid_IFr_retrained: 0.044366596377882817 0.06859 0.09281340362211718
