validity: 0.35 0.35 0.35
average_pairwise_L0_distance: 11.009505338843 11.18017299702108 11.350840655199159
average_pairwise_L1_distance: 3.795511921475205 4.040870405097655 4.286228888720105
average_pairwise_binned_L0_distance: 9.363654945128719 9.850294409003592 10.336933872878465
accuracy_trained: 0.8011761686295965 0.809504068785506 0.8178319689414154
IFr_trained: 0.08949525521115005 0.0976175 0.10573974478884994
valid_IFr_trained: 0.2613553304267921 0.2846675 0.30797966957320794
accuracy_retrained: 0.8007471744481097 0.8081989866421004 0.8156507988360912
IFr_retrained: 0.04557604490258162 0.0814675 0.11735895509741838
valid_IFr_retrained: 0.127615419948429 0.1734125 0.21920958005157098
