validity: 0.55 0.55 0.55
average_pairwise_L0_distance: 10.938090017002665 11.133918845364136 11.329747673725606
average_pairwise_L1_distance: 3.7054551473995327 3.9534873002847504 4.201519453169968
average_pairwise_binned_L0_distance: 9.207570991691716 9.731123878477032 10.254676765262348
accuracy_trained: 0.8011761686295965 0.809504068785506 0.8178319689414154
IFr_trained: 0.08949525521115005 0.0976175 0.10573974478884994
valid_IFr_trained: 0.2613553304267921 0.2846675 0.30797966957320794
accuracy_retrained: 0.8002750808231877 0.8076462459695992 0.8150174111160108
IFr_retrained: 0.046502347834329764 0.08780999999999999 0.1291176521656702
valid_IFr_retrained: 0.13542119209555303 0.17948499999999998 0.22354880790444692
