validity: 0.4 0.4 0.4
average_pairwise_L0_distance: 11.002379221527127 11.176334758445293 11.35029029536346
average_pairwise_L1_distance: 3.7805889807504167 4.026376937223716 4.272164893697016
average_pairwise_binned_L0_distance: 9.327412142227777 9.83197032650059 10.336528510773404
accuracy_trained: 0.8011761686295965 0.809504068785506 0.8178319689414154
IFr_trained: 0.08949525521115005 0.0976175 0.10573974478884994
valid_IFr_trained: 0.2613553304267921 0.2846675 0.30797966957320794
accuracy_retrained: 0.7996251269030308 0.8078304928604328 0.8160358588178349
IFr_retrained: 0.046066275098629934 0.08224 0.11841372490137006
valid_IFr_retrained: 0.13237020801983818 0.17479499999999998 0.21721979198016178
