validity: 0.6499999999999999 0.6500000000000001 0.6500000000000004
average_pairwise_L0_distance: 10.891269551028582 11.095347428599764 11.299425306170946
average_pairwise_L1_distance: 3.638411554632309 3.8772934099155294 4.11617526519875
average_pairwise_binned_L0_distance: 9.114544892947126 9.63999121554848 10.165437538149835
accuracy_trained: 0.8011761686295965 0.809504068785506 0.8178319689414154
IFr_trained: 0.08949525521115005 0.0976175 0.10573974478884994
valid_IFr_trained: 0.2613553304267921 0.2846675 0.30797966957320794
accuracy_retrained: 0.7995374749137923 0.8073852295409182 0.815232984168044
IFr_retrained: 0.04732665959802841 0.09037 0.13341334040197161
valid_IFr_retrained: 0.1340891465340306 0.1807525 0.22741585346596943
