validity: 0.85 0.85 0.85
average_pairwise_L0_distance: 10.758968837451693 10.985101853590113 11.211234869728532
average_pairwise_L1_distance: 3.45641562423754 3.697409571380701 3.9384035185238617
average_pairwise_binned_L0_distance: 8.880380061523375 9.402829089286156 9.925278117048936
accuracy_trained: 0.8011761686295965 0.809504068785506 0.8178319689414154
IFr_trained: 0.08949525521115005 0.0976175 0.10573974478884994
valid_IFr_trained: 0.2613553304267921 0.2846675 0.30797966957320794
accuracy_retrained: 0.797583676296573 0.8064947029018885 0.815405729507204
IFr_retrained: 0.04946874482632697 0.0948125 0.14015625517367303
valid_IFr_retrained: 0.13348352580891712 0.18261750000000002 0.2317514741910829
