validity: 0.25 0.25 0.25
average_pairwise_L0_distance: 11.026175690865859 11.189145771124895 11.352115851383932
average_pairwise_L1_distance: 3.804347698695178 4.067722199910097 4.331096701125016
average_pairwise_binned_L0_distance: 9.408756695270533 9.886841505588873 10.364926315907212
accuracy_trained: 0.8011761686295965 0.809504068785506 0.8178319689414154
IFr_trained: 0.08949525521115005 0.0976175 0.10573974478884994
valid_IFr_trained: 0.2613553304267921 0.2846675 0.30797966957320794
accuracy_retrained: 0.8007238253099328 0.8084600030707817 0.8161961808316306
IFr_retrained: 0.045188674129767875 0.0768925 0.10859632587023213
valid_IFr_retrained: 0.12998608526959593 0.1693825 0.20877891473040405
