validity: 0.45 0.45 0.45
average_pairwise_L0_distance: 10.973182459992577 11.162015866325206 11.350849272657834
average_pairwise_L1_distance: 3.7546726737191096 3.9988913710411422 4.243110068363174
average_pairwise_binned_L0_distance: 9.279708691815435 9.800189503288857 10.32067031476228
accuracy_trained: 0.8011761686295965 0.809504068785506 0.8178319689414154
IFr_trained: 0.08949525521115005 0.0976175 0.10573974478884994
valid_IFr_trained: 0.2613553304267921 0.2846675 0.30797966957320794
accuracy_retrained: 0.8000344787018874 0.807477352986335 0.8149202272707827
IFr_retrained: 0.04340280738063022 0.083375 0.12334719261936979
valid_IFr_retrained: 0.12870223529705285 0.17500749999999998 0.2213127647029471
