validity: 0.7 0.7 0.7
average_pairwise_L0_distance: 10.845499424992106 11.0698381606492 11.294176896306293
average_pairwise_L1_distance: 3.5724950096444936 3.8333922957398863 4.094289581835279
average_pairwise_binned_L0_distance: 9.052646983740107 9.595050835290355 10.137454686840602
accuracy_trained: 0.8011761686295965 0.809504068785506 0.8178319689414154
IFr_trained: 0.08949525521115005 0.0976175 0.10573974478884994
valid_IFr_trained: 0.2613553304267921 0.2846675 0.30797966957320794
accuracy_retrained: 0.7979950127195069 0.8066789497927223 0.8153628868659376
IFr_retrained: 0.04613301376978181 0.091255 0.1363769862302182
valid_IFr_retrained: 0.13307758886245333 0.1810325 0.2289874111375467
