validity: 0.5 0.5 0.5
average_pairwise_L0_distance: 10.958608461627483 11.147173921513758 11.335739381400034
average_pairwise_L1_distance: 3.738723675753953 3.976653409096052 4.214583142438151
average_pairwise_binned_L0_distance: 9.25564893394119 9.763492102848925 10.27133527175666
accuracy_trained: 0.8011761686295965 0.809504068785506 0.8178319689414154
IFr_trained: 0.08949525521115005 0.0976175 0.10573974478884994
valid_IFr_trained: 0.2613553304267921 0.2846675 0.30797966957320794
accuracy_retrained: 0.801085236762347 0.8080608014739751 0.8150363661856032
IFr_retrained: 0.045935826272831166 0.08530499999999999 0.12467417372716882
valid_IFr_retrained: 0.13377994493046713 0.17790999999999996 0.22204005506953278
