validity: 0.9499999999999996 0.9499999999999998 0.9500000000000001
average_pairwise_L0_distance: 10.698667851720314 10.915869867324083 11.133071882927853
average_pairwise_L1_distance: 3.352782220107873 3.5758275255501912 3.7988728309925093
average_pairwise_binned_L0_distance: 8.747641330743418 9.254199003248122 9.760756675752825
accuracy_trained: 0.8011761686295965 0.809504068785506 0.8178319689414154
IFr_trained: 0.08949525521115005 0.0976175 0.10573974478884994
valid_IFr_trained: 0.2613553304267921 0.2846675 0.30797966957320794
accuracy_retrained: 0.7971063818207326 0.8060801473975125 0.8150539129742925
IFr_retrained: 0.05303415327759289 0.09887000000000001 0.14470584672240713
valid_IFr_retrained: 0.1309514435486573 0.182215 0.2334785564513427
