validity: 0.2999999999999998 0.29999999999999993 0.30000000000000004
average_pairwise_L0_distance: 11.006553324075316 11.18706867339433 11.367584022713345
average_pairwise_L1_distance: 3.7997947808470194 4.045252289249005 4.29070979765099
average_pairwise_binned_L0_distance: 9.390960616161877 9.875774513519673 10.360588410877469
accuracy_trained: 0.8011761686295965 0.809504068785506 0.8178319689414154
IFr_trained: 0.08949525521115005 0.0976175 0.10573974478884994
valid_IFr_trained: 0.2613553304267921 0.2846675 0.30797966957320794
accuracy_retrained: 0.8006244716001206 0.80821434054967 0.8158042094992194
IFr_retrained: 0.045528466684452734 0.0797625 0.11399653331554727
valid_IFr_retrained: 0.13098906363957996 0.17316749999999997 0.21534593636042
