validity: 1.0 1.0 1.0
average_pairwise_L0_distance: 10.653148706702018 10.87609743656953 11.099046166437043
average_pairwise_L1_distance: 3.2895237074607353 3.510118802855586 3.7307138982504364
average_pairwise_binned_L0_distance: 8.66968527739393 9.171920217344333 9.674155157294736
accuracy_trained: 0.8011761686295965 0.809504068785506 0.8178319689414154
IFr_trained: 0.08949525521115005 0.0976175 0.10573974478884994
valid_IFr_trained: 0.2613553304267921 0.2846675 0.30797966957320794
accuracy_retrained: 0.7968722623236071 0.8057730692461231 0.8146738761686392
IFr_retrained: 0.04818255231186034 0.09953999999999999 0.15089744768813965
valid_IFr_retrained: 0.13272800089806142 0.17905000000000001 0.2253719991019386
