validity: 0.5999999999999996 0.5999999999999999 0.6000000000000001
average_pairwise_L0_distance: 10.913283134853003 11.115994195650043 11.318705256447082
average_pairwise_L1_distance: 3.675591795210655 3.920106623756871 4.164621452303088
average_pairwise_binned_L0_distance: 9.17422217857567 9.689575666124723 10.204929153673776
accuracy_trained: 0.8011761686295965 0.809504068785506 0.8178319689414154
IFr_trained: 0.08949525521115005 0.0976175 0.10573974478884994
valid_IFr_trained: 0.2613553304267921 0.2846675 0.30797966957320794
accuracy_retrained: 0.7998720900259076 0.8074312912636266 0.8149904925013455
IFr_retrained: 0.048022154790277286 0.0874575 0.12689284520972272
valid_IFr_retrained: 0.13135297128698517 0.1788325 0.22631202871301484
