validity: 0.75 0.75 0.75
average_pairwise_L0_distance: 10.839847815991329 11.046881814886575 11.253915813781822
average_pairwise_L1_distance: 3.558569344906983 3.796518936747013 4.034468528587043
average_pairwise_binned_L0_distance: 9.018515616517695 9.535130249565796 10.051744882613898
accuracy_trained: 0.8011761686295965 0.809504068785506 0.8178319689414154
IFr_trained: 0.08949525521115005 0.0976175 0.10573974478884994
valid_IFr_trained: 0.2613553304267921 0.2846675 0.30797966957320794
accuracy_retrained: 0.7972295338214446 0.8066635958851528 0.816097657948861
IFr_retrained: 0.048056802619813786 0.09306 0.13806319738018621
valid_IFr_retrained: 0.13471279358229724 0.1815925 0.22847220641770274
