validity: 0.45 0.45 0.45
average_pairwise_L0_distance: 12.346684043796902 13.475384615384616 14.60408518697233
average_pairwise_L1_distance: 6.251681545003574 7.07228312311118 7.892884701218785
average_pairwise_binned_L0_distance: 10.75605963960519 12.362564102564102 13.969068565523013
accuracy_trained: 0.6864183274297893 0.737 0.7875816725702107
IFr_trained: -0.03567593330660897 0.025525 0.08672593330660897
valid_IFr_trained: -0.049237509048069325 0.035275 0.11978750904806933
accuracy_retrained: 0.7187003589767191 0.746 0.7732996410232809
IFr_retrained: -0.02152013892826263 0.022455 0.06643013892826263
valid_IFr_retrained: -0.028309987598999546 0.031740000000000004 0.09178998759899956
