validity: 0.5 0.5 0.5
average_pairwise_L0_distance: 12.160825039137643 13.297179487179488 14.433533935221332
average_pairwise_L1_distance: 6.087563222266989 6.957767448991436 7.827971675715882
average_pairwise_binned_L0_distance: 10.5568846311478 12.16871794871795 13.780551266288098
accuracy_trained: 0.6864183274297893 0.737 0.7875816725702107
IFr_trained: -0.03567593330660897 0.025525 0.08672593330660897
valid_IFr_trained: -0.049237509048069325 0.035275 0.11978750904806933
accuracy_retrained: 0.7308901539560327 0.752 0.7731098460439673
IFr_retrained: -0.0021832289969571615 0.02188 0.04594322899695716
valid_IFr_retrained: -0.009081481489677988 0.032084999999999995 0.07325148148967797
