validity: 0.8 0.8 0.8
average_pairwise_L0_distance: 11.616979881702587 13.09897435897436 14.580968836246132
average_pairwise_L1_distance: 5.581751788487705 6.710482613163609 7.839213437839512
average_pairwise_binned_L0_distance: 9.965889150621747 11.851538461538462 13.737187772455178
accuracy_trained: 0.6864183274297893 0.737 0.7875816725702107
IFr_trained: -0.03567593330660897 0.025525 0.08672593330660897
valid_IFr_trained: -0.049237509048069325 0.035275 0.11978750904806933
accuracy_retrained: 0.5231479985225079 0.6910000000000001 0.8588520014774922
IFr_retrained: -0.007873418599820606 0.022299999999999997 0.052473418599820604
valid_IFr_retrained: -0.010714945924250166 0.035245000000000005 0.08120494592425018
