validity: 0.7 0.7 0.7
average_pairwise_L0_distance: 11.773062362070366 13.166410256410256 14.559758150750145
average_pairwise_L1_distance: 5.700957336586593 6.853816836004614 8.006676335422636
average_pairwise_binned_L0_distance: 10.26122399697715 12.035384615384617 13.809545233792083
accuracy_trained: 0.6864183274297893 0.737 0.7875816725702107
IFr_trained: -0.03567593330660897 0.025525 0.08672593330660897
valid_IFr_trained: -0.049237509048069325 0.035275 0.11978750904806933
accuracy_retrained: 0.6973567137055643 0.7569999999999999 0.8166432862944355
IFr_retrained: -0.02401776903801281 0.02942 0.08285776903801281
valid_IFr_retrained: -0.021550947302442086 0.03959 0.10073094730244209
