validity: 0.65 0.65 0.65
average_pairwise_L0_distance: 12.039861735877562 13.24897435897436 14.458086982071158
average_pairwise_L1_distance: 6.048991217383768 6.916148431759291 7.7833056461348145
average_pairwise_binned_L0_distance: 10.480762381487096 12.133589743589742 13.786417105692387
accuracy_trained: 0.6864183274297893 0.737 0.7875816725702107
IFr_trained: -0.03567593330660897 0.025525 0.08672593330660897
valid_IFr_trained: -0.049237509048069325 0.035275 0.11978750904806933
accuracy_retrained: 0.5674447487017727 0.682 0.7965552512982274
IFr_retrained: -0.007933339456000783 0.013569999999999999 0.03507333945600078
valid_IFr_retrained: -0.01261024311599367 0.02412 0.06085024311599367
