validity: 0.9 0.9 0.9
average_pairwise_L0_distance: 11.643140991331588 12.933846153846153 14.224551316360717
average_pairwise_L1_distance: 5.608167037586236 6.610263440681986 7.612359843777735
average_pairwise_binned_L0_distance: 9.938366621147022 11.69 13.441633378852977
accuracy_trained: 0.6864183274297893 0.737 0.7875816725702107
IFr_trained: -0.03567593330660897 0.025525 0.08672593330660897
valid_IFr_trained: -0.049237509048069325 0.035275 0.11978750904806933
accuracy_retrained: 0.6107976572763105 0.717 0.8232023427236894
IFr_retrained: -0.010914068202109661 0.023155000000000002 0.057224068202109665
valid_IFr_retrained: -0.017423278243605712 0.036095 0.08961327824360571
