validity: 1.0 1.0 1.0
average_pairwise_L0_distance: 11.3450016596212 12.754358974358974 14.163716289096747
average_pairwise_L1_distance: 5.311654707723735 6.410248379825305 7.508842051926875
average_pairwise_binned_L0_distance: 9.643950415062541 11.458717948717949 13.273485482373356
accuracy_trained: 0.6864183274297893 0.737 0.7875816725702107
IFr_trained: -0.03567593330660897 0.025525 0.08672593330660897
valid_IFr_trained: -0.049237509048069325 0.035275 0.11978750904806933
accuracy_retrained: 0.5686331115364915 0.708 0.8473668884635084
IFr_retrained: -0.006941094428923331 0.01246 0.031861094428923334
valid_IFr_retrained: -0.010229492229408728 0.020069999999999998 0.05036949222940872
