validity: 0.3 0.3 0.3
average_pairwise_L0_distance: 12.453563767441945 13.481538461538463 14.50951315563498
average_pairwise_L1_distance: 6.3142692508388425 7.098283338581979 7.882297426325115
average_pairwise_binned_L0_distance: 10.98153381012331 12.431538461538462 13.881543112953615
accuracy_trained: 0.6864183274297893 0.737 0.7875816725702107
IFr_trained: -0.03567593330660897 0.025525 0.08672593330660897
valid_IFr_trained: -0.049237509048069325 0.035275 0.11978750904806933
accuracy_retrained: 0.5342751737589527 0.7070000000000001 0.8797248262410474
IFr_retrained: -0.027070639203451183 0.02732 0.08171063920345119
valid_IFr_retrained: -0.029201647412227583 0.03704500000000001 0.1032916474122276
