validity: 0.1 0.1 0.1
average_pairwise_L0_distance: 12.369769862615339 13.480256410256407 14.590742957897476
average_pairwise_L1_distance: 6.287402023553935 7.162936795230912 8.03847156690789
average_pairwise_binned_L0_distance: 11.033199184316095 12.4174358974359 13.801672610555704
accuracy_trained: 0.6864183274297893 0.737 0.7875816725702107
IFr_trained: -0.03567593330660897 0.025525 0.08672593330660897
valid_IFr_trained: -0.049237509048069325 0.035275 0.11978750904806933
accuracy_retrained: 0.7152077431442799 0.74 0.76479225685572
IFr_retrained: -0.0049289606663654485 0.028625 0.062178960666365454
valid_IFr_retrained: 6.413835531450529e-05 0.04296 0.08585586164468549
