validity: 0.85 0.85 0.85
average_pairwise_L0_distance: 11.722031981809447 13.007179487179489 14.29232699254953
average_pairwise_L1_distance: 5.539210484371534 6.624590409339277 7.70997033430702
average_pairwise_binned_L0_distance: 10.024432732743898 11.80974358974359 13.595054446743282
accuracy_trained: 0.6864183274297893 0.737 0.7875816725702107
IFr_trained: -0.03567593330660897 0.025525 0.08672593330660897
valid_IFr_trained: -0.049237509048069325 0.035275 0.11978750904806933
accuracy_retrained: 0.6605008325977275 0.728 0.7954991674022724
IFr_retrained: -0.038766609141588304 0.0426 0.1239666091415883
valid_IFr_retrained: -0.03630876420597631 0.05378000000000001 0.14386876420597633
