validity: 0.0 0.0 0.0
average_pairwise_L0_distance: 12.455009113894992 13.483076923076922 14.511144732258852
average_pairwise_L1_distance: 6.199413614112076 7.107222517803966 8.015031421495857
average_pairwise_binned_L0_distance: 11.193423052120991 12.432820512820514 13.672217973520038
accuracy_trained: 0.6864183274297893 0.737 0.7875816725702107
IFr_trained: -0.03567593330660897 0.025525 0.08672593330660897
valid_IFr_trained: -0.049237509048069325 0.035275 0.11978750904806933
accuracy_retrained: 0.5201580580309614 0.6869999999999999 0.8538419419690385
IFr_retrained: -0.009832030382004402 0.020689999999999997 0.05121203038200439
valid_IFr_retrained: -0.016772728795235017 0.03594 0.08865272879523502
