validity: 0.55 0.55 0.55
average_pairwise_L0_distance: 12.26524962361195 13.37923076923077 14.493211914849589
average_pairwise_L1_distance: 6.0600358670935455 6.968489751324592 7.876943635555638
average_pairwise_binned_L0_distance: 10.605089762860539 12.22923076923077 13.853371775601
accuracy_trained: 0.6864183274297893 0.737 0.7875816725702107
IFr_trained: -0.03567593330660897 0.025525 0.08672593330660897
valid_IFr_trained: -0.049237509048069325 0.035275 0.11978750904806933
accuracy_retrained: 0.6235015267137741 0.719 0.8144984732862258
IFr_retrained: -0.011675893828839993 0.020105 0.05188589382884
valid_IFr_retrained: -0.0003511872758121537 0.02697 0.054291187275812156
