validity: 0.05 0.05 0.05
average_pairwise_L0_distance: 12.497822843011916 13.483589743589743 14.46935664416757
average_pairwise_L1_distance: 6.380281724413107 7.100933751015198 7.821585777617289
average_pairwise_binned_L0_distance: 11.20452582836377 12.445641025641025 13.68675622291828
accuracy_trained: 0.6864183274297893 0.737 0.7875816725702107
IFr_trained: -0.03567593330660897 0.025525 0.08672593330660897
valid_IFr_trained: -0.049237509048069325 0.035275 0.11978750904806933
accuracy_retrained: 0.580009329731779 0.716 0.851990670268221
IFr_retrained: -0.008856513217986965 0.025229999999999995 0.059316513217986956
valid_IFr_retrained: -0.00809599143174268 0.03694 0.08197599143174268
