validity: 0.4 0.4 0.4
average_pairwise_L0_distance: 12.463789721413912 13.445128205128208 14.426466688842504
average_pairwise_L1_distance: 6.190656749758936 6.966612044817927 7.742567339876917
average_pairwise_binned_L0_distance: 10.85741611972157 12.351025641025641 13.844635162329713
accuracy_trained: 0.6864183274297893 0.737 0.7875816725702107
IFr_trained: -0.03567593330660897 0.025525 0.08672593330660897
valid_IFr_trained: -0.049237509048069325 0.035275 0.11978750904806933
accuracy_retrained: 0.7122029269598642 0.745 0.7777970730401358
IFr_retrained: -0.008531547400155184 0.015805000000000003 0.040141547400155186
valid_IFr_retrained: -0.005930784141865625 0.023905 0.05374078414186562
