validity: 0.95 0.95 0.95
average_pairwise_L0_distance: 11.446899011737678 12.867435897435897 14.287972783134116
average_pairwise_L1_distance: 5.411635109744302 6.491333910684591 7.57103271162488
average_pairwise_binned_L0_distance: 9.788547254665717 11.617179487179488 13.445811719693259
accuracy_trained: 0.6864183274297893 0.737 0.7875816725702107
IFr_trained: -0.03567593330660897 0.025525 0.08672593330660897
valid_IFr_trained: -0.049237509048069325 0.035275 0.11978750904806933
accuracy_retrained: 0.6442625502174446 0.7190000000000001 0.7937374497825556
IFr_retrained: -0.062294248553441525 0.03473 0.13175424855344153
valid_IFr_retrained: -0.06284432436290696 0.040685 0.14421432436290696
