validity: 0.6 0.6 0.6
average_pairwise_L0_distance: 11.97732094762455 13.288974358974357 14.600627770324165
average_pairwise_L1_distance: 5.859926660598762 6.9613702037027805 8.0628137468068
average_pairwise_binned_L0_distance: 10.486529560897772 12.19025641025641 13.893983259615048
accuracy_trained: 0.6864183274297893 0.737 0.7875816725702107
IFr_trained: -0.03567593330660897 0.025525 0.08672593330660897
valid_IFr_trained: -0.049237509048069325 0.035275 0.11978750904806933
accuracy_retrained: 0.4308970426833517 0.6769999999999999 0.9231029573166482
IFr_retrained: -0.012981920414532309 0.022665 0.058311920414532314
valid_IFr_retrained: -0.015039229384234992 0.03754 0.09011922938423499
