validity: 0.15 0.15 0.15
average_pairwise_L0_distance: 12.131556709192324 13.482051282051282 14.83254585491024
average_pairwise_L1_distance: 6.144092106010727 7.126605251962715 8.109118397914704
average_pairwise_binned_L0_distance: 10.822462866460661 12.43051282051282 14.03856277456498
accuracy_trained: 0.6864183274297893 0.737 0.7875816725702107
IFr_trained: -0.03567593330660897 0.025525 0.08672593330660897
valid_IFr_trained: -0.049237509048069325 0.035275 0.11978750904806933
accuracy_retrained: 0.47147398473811697 0.659 0.8465260152618831
IFr_retrained: 0.0019378477885571843 0.015485000000000002 0.02903215221144282
valid_IFr_retrained: 0.004318022164183814 0.02476 0.045201977835816184
