validity: 0.2 0.2 0.2
average_pairwise_L0_distance: 12.740531049109496 13.532564102564104 14.324597156018712
average_pairwise_L1_distance: 6.612986831995212 7.071123387422031 7.529259942848851
average_pairwise_binned_L0_distance: 11.39507095720566 12.44025641025641 13.48544186330716
accuracy_trained: 0.6864183274297893 0.737 0.7875816725702107
IFr_trained: -0.03567593330660897 0.025525 0.08672593330660897
valid_IFr_trained: -0.049237509048069325 0.035275 0.11978750904806933
accuracy_retrained: 0.5179456905339931 0.6579999999999999 0.7980543094660068
IFr_retrained: -0.0008346157942596133 0.015855 0.032544615794259615
valid_IFr_retrained: -0.0007700352013506571 0.025424999999999996 0.05162003520135065
