validity: 0.75 0.75 0.75
average_pairwise_L0_distance: 11.827491204801635 13.002564102564103 14.17763700032657
average_pairwise_L1_distance: 5.6916264128831875 6.633403068525236 7.575179724167284
average_pairwise_binned_L0_distance: 10.129031250854764 11.806923076923075 13.484814902991387
accuracy_trained: 0.6864183274297893 0.737 0.7875816725702107
IFr_trained: -0.03567593330660897 0.025525 0.08672593330660897
valid_IFr_trained: -0.049237509048069325 0.035275 0.11978750904806933
accuracy_retrained: 0.5494748336523687 0.654 0.7585251663476313
IFr_retrained: -0.008640884783372162 0.010570000000000001 0.029780884783372166
valid_IFr_retrained: -0.008546190108159001 0.016620000000000003 0.04178619010815901
