validity: 0.35 0.35 0.35
average_pairwise_L0_distance: 12.260170403250301 13.44025641025641 14.620342417262519
average_pairwise_L1_distance: 6.230056448702014 7.051103798916017 7.872151149130021
average_pairwise_binned_L0_distance: 10.85996510915297 12.335384615384616 13.810804121616261
accuracy_trained: 0.6864183274297893 0.737 0.7875816725702107
IFr_trained: -0.03567593330660897 0.025525 0.08672593330660897
valid_IFr_trained: -0.049237509048069325 0.035275 0.11978750904806933
accuracy_retrained: 0.5898142285571446 0.704 0.8181857714428553
IFr_retrained: -0.03108303993816791 0.03912 0.10932303993816792
valid_IFr_retrained: -0.040454790508287784 0.051615 0.14368479050828778
