validity: 0.25 0.25 0.25
average_pairwise_L0_distance: 12.398782685932854 13.553076923076924 14.707371160220994
average_pairwise_L1_distance: 6.29368854975569 7.129350220166965 7.96501189057824
average_pairwise_binned_L0_distance: 10.969168230702286 12.497692307692308 14.02621638468233
accuracy_trained: 0.6864183274297893 0.737 0.7875816725702107
IFr_trained: -0.03567593330660897 0.025525 0.08672593330660897
valid_IFr_trained: -0.049237509048069325 0.035275 0.11978750904806933
accuracy_retrained: 0.41037872644433004 0.664 0.91762127355567
IFr_retrained: -0.0005378573526135556 0.015255000000000001 0.031047857352613558
valid_IFr_retrained: 0.001876909919404389 0.02354 0.04520309008059561
