validity: 0.25 0.25 0.25
average_pairwise_L0_distance: 13.368987905257205 13.743846153846153 14.118704402435101
average_pairwise_L1_distance: 7.204769871156822 7.4316743545544455 7.658578837952069
average_pairwise_binned_L0_distance: 12.579716896533725 12.964615384615385 13.349513872697045
accuracy_trained: 0.6757471380715054 0.7539999999999999 0.8322528619284943
IFr_trained: 0.03661154350506827 0.078775 0.12093845649493173
valid_IFr_trained: 0.04899104505667904 0.104585 0.16017895494332096
accuracy_retrained: 0.703143274303134 0.755 0.8068567256968661
IFr_retrained: -0.043959535621911607 0.03345 0.11085953562191161
valid_IFr_retrained: -0.04346040961905289 0.030864999999999997 0.10519040961905288
