validity: 0.35 0.35 0.35
average_pairwise_L0_distance: 13.422496904359596 13.754358974358976 14.086221044358355
average_pairwise_L1_distance: 7.124378250338955 7.442558254465489 7.760738258592022
average_pairwise_binned_L0_distance: 12.64321009550378 13.014871794871794 13.386533494239808
accuracy_trained: 0.6757471380715054 0.7539999999999999 0.8322528619284943
IFr_trained: 0.03661154350506827 0.078775 0.12093845649493173
valid_IFr_trained: 0.04899104505667904 0.104585 0.16017895494332096
accuracy_retrained: 0.3077611058666757 0.689 1.070238894133324
IFr_retrained: -0.03298030836833537 0.0428 0.11858030836833536
valid_IFr_retrained: -0.04552806710678916 0.049395 0.14431806710678916
