validity: 0.95 0.95 0.95
average_pairwise_L0_distance: 12.460672801059923 12.922051282051282 13.38342976304264
average_pairwise_L1_distance: 6.182472259289463 6.657912118298997 7.13335197730853
average_pairwise_binned_L0_distance: 11.329215622728212 11.976923076923077 12.624630531117942
accuracy_trained: 0.6757471380715054 0.7539999999999999 0.8322528619284943
IFr_trained: 0.03661154350506827 0.078775 0.12093845649493173
valid_IFr_trained: 0.04899104505667904 0.104585 0.16017895494332096
accuracy_retrained: 0.307329242075424 0.654 1.000670757924576
IFr_retrained: -0.02776667764125821 0.016075 0.05991667764125821
valid_IFr_retrained: -0.043252394986796026 0.022865000000000003 0.08898239498679603
