validity: 0.85 0.85 0.85
average_pairwise_L0_distance: 12.59388693014903 13.122307692307691 13.650728454466353
average_pairwise_L1_distance: 6.368155202233192 6.844120177459544 7.3200851526858965
average_pairwise_binned_L0_distance: 11.468890367400526 12.221538461538461 12.974186555676397
accuracy_trained: 0.6757471380715054 0.7539999999999999 0.8322528619284943
IFr_trained: 0.03661154350506827 0.078775 0.12093845649493173
valid_IFr_trained: 0.04899104505667904 0.104585 0.16017895494332096
accuracy_retrained: 0.32556196990355324 0.687 1.0484380300964469
IFr_retrained: -0.039362968403272885 0.05178000000000001 0.1429229684032729
valid_IFr_retrained: -0.02850537159529143 0.06091500000000001 0.15033537159529145
