validity: 0.15 0.15 0.15
average_pairwise_L0_distance: 13.332490648380105 13.705641025641025 14.078791402901945
average_pairwise_L1_distance: 6.901960171884198 7.331512444820136 7.761064717756074
average_pairwise_binned_L0_distance: 12.469183346239292 12.933333333333332 13.397483320427371
accuracy_trained: 0.6757471380715054 0.7539999999999999 0.8322528619284943
IFr_trained: 0.03661154350506827 0.078775 0.12093845649493173
valid_IFr_trained: 0.04899104505667904 0.104585 0.16017895494332096
accuracy_retrained: 0.6706488613511418 0.737 0.8033511386488582
IFr_retrained: -0.008032773293297012 0.031740000000000004 0.07151277329329703
valid_IFr_retrained: -0.01243960960146117 0.04764500000000001 0.10772960960146119
