validity: 0.05 0.05 0.05
average_pairwise_L0_distance: 13.520567232787444 13.83051282051282 14.140458408238194
average_pairwise_L1_distance: 6.877030335583164 7.4318410405582345 7.986651745533305
average_pairwise_binned_L0_distance: 12.736489555179428 13.105384615384613 13.474279675589798
accuracy_trained: 0.6757471380715054 0.7539999999999999 0.8322528619284943
IFr_trained: 0.03661154350506827 0.078775 0.12093845649493173
valid_IFr_trained: 0.04899104505667904 0.104585 0.16017895494332096
accuracy_retrained: 0.6487758036088142 0.741 0.8332241963911858
IFr_retrained: -0.03529520423546401 0.04276 0.12081520423546402
valid_IFr_retrained: -0.050036661894338114 0.05266 0.1553566618943381
