validity: 0.2 0.2 0.2
average_pairwise_L0_distance: 13.496438770051467 13.735384615384614 13.974330460717761
average_pairwise_L1_distance: 7.193136649170615 7.384408463582671 7.575680277994726
average_pairwise_binned_L0_distance: 12.59182350151178 13.00205128205128 13.41227906259078
accuracy_trained: 0.6757471380715054 0.7539999999999999 0.8322528619284943
IFr_trained: 0.03661154350506827 0.078775 0.12093845649493173
valid_IFr_trained: 0.04899104505667904 0.104585 0.16017895494332096
accuracy_retrained: 0.3087755471231787 0.6950000000000001 1.0812244528768216
IFr_retrained: -0.013598030054505585 0.038315 0.09022803005450558
valid_IFr_retrained: -0.01845371282304621 0.050085000000000005 0.11862371282304622
