validity: 0.55 0.55 0.55
average_pairwise_L0_distance: 13.116622155748331 13.471538461538461 13.826454767328592
average_pairwise_L1_distance: 6.770106843026573 7.143435820087406 7.516764797148239
average_pairwise_binned_L0_distance: 12.259747875130671 12.650769230769232 13.041790586407792
accuracy_trained: 0.6757471380715054 0.7539999999999999 0.8322528619284943
IFr_trained: 0.03661154350506827 0.078775 0.12093845649493173
valid_IFr_trained: 0.04899104505667904 0.104585 0.16017895494332096
accuracy_retrained: 0.6971036083432999 0.7649999999999999 0.8328963916566999
IFr_retrained: -0.02615966349959299 0.045375 0.11690966349959299
valid_IFr_retrained: -0.03434326638246238 0.059094999999999995 0.15253326638246237
