validity: 0.3 0.3 0.3
average_pairwise_L0_distance: 13.230064545356607 13.69897435897436 14.167884172592112
average_pairwise_L1_distance: 7.1085640137497546 7.399088776733576 7.6896135397173975
average_pairwise_binned_L0_distance: 12.352254329815798 12.945641025641024 13.53902772146625
accuracy_trained: 0.6757471380715054 0.7539999999999999 0.8322528619284943
IFr_trained: 0.03661154350506827 0.078775 0.12093845649493173
valid_IFr_trained: 0.04899104505667904 0.104585 0.16017895494332096
accuracy_retrained: 0.6749343552547571 0.7520000000000001 0.8290656447452431
IFr_retrained: -0.029599461941712216 0.066385 0.1623694619417122
valid_IFr_retrained: -0.019367994921927728 0.06779500000000001 0.15495799492192774
