validity: 0.8 0.8 0.8
average_pairwise_L0_distance: 12.642263374753215 13.17205128205128 13.701839189349345
average_pairwise_L1_distance: 6.493306053338338 6.91600975695998 7.338713460581622
average_pairwise_binned_L0_distance: 11.664122099408955 12.341282051282052 13.01844200315515
accuracy_trained: 0.6757471380715054 0.7539999999999999 0.8322528619284943
IFr_trained: 0.03661154350506827 0.078775 0.12093845649493173
valid_IFr_trained: 0.04899104505667904 0.104585 0.16017895494332096
accuracy_retrained: 0.30965838430733533 0.67 1.0303416156926648
IFr_retrained: -0.04973890783162909 0.046930000000000006 0.1435989078316291
valid_IFr_retrained: -0.07357522953971596 0.050144999999999995 0.17386522953971595
