validity: 0.4 0.4 0.4
average_pairwise_L0_distance: 13.370042505119194 13.735897435897437 14.10175236667568
average_pairwise_L1_distance: 6.956985264086654 7.376372858413579 7.795760452740504
average_pairwise_binned_L0_distance: 12.537223792757187 12.91871794871795 13.300212104678712
accuracy_trained: 0.6757471380715054 0.7539999999999999 0.8322528619284943
IFr_trained: 0.03661154350506827 0.078775 0.12093845649493173
valid_IFr_trained: 0.04899104505667904 0.104585 0.16017895494332096
accuracy_retrained: 0.6446061234448848 0.7289999999999999 0.813393876555115
IFr_retrained: -0.015932199283770807 0.024055 0.0640421992837708
valid_IFr_retrained: -0.02187044439666705 0.03536 0.09259044439666705
