validity: 0.65 0.65 0.65
average_pairwise_L0_distance: 12.923053990003792 13.367692307692305 13.812330625380818
average_pairwise_L1_distance: 6.498541134125735 6.958502988966794 7.418464843807853
average_pairwise_binned_L0_distance: 11.883206207463545 12.5 13.116793792536455
accuracy_trained: 0.6757471380715054 0.7539999999999999 0.8322528619284943
IFr_trained: 0.03661154350506827 0.078775 0.12093845649493173
valid_IFr_trained: 0.04899104505667904 0.104585 0.16017895494332096
accuracy_retrained: 0.6387797140805689 0.75 0.8612202859194311
IFr_retrained: -0.04122884581963053 0.047455 0.13613884581963054
valid_IFr_retrained: -0.046406452705630104 0.051075 0.14855645270563012
