validity: 0.1 0.1 0.1
average_pairwise_L0_distance: 13.62137762866145 13.826153846153847 14.030930063646244
average_pairwise_L1_distance: 7.252713246344527 7.442142859905306 7.631572473466084
average_pairwise_binned_L0_distance: 12.56516310765476 13.012820512820515 13.46047791798627
accuracy_trained: 0.6757471380715054 0.7539999999999999 0.8322528619284943
IFr_trained: 0.03661154350506827 0.078775 0.12093845649493173
valid_IFr_trained: 0.04899104505667904 0.104585 0.16017895494332096
accuracy_retrained: 0.6614197972043765 0.763 0.8645802027956235
IFr_retrained: -0.019693655799662993 0.043914999999999996 0.10752365579966298
valid_IFr_retrained: -0.021530548184739325 0.05214 0.12581054818473933
