validity: 1.0 1.0 1.0
average_pairwise_L0_distance: 12.240333708712493 12.815128205128207 13.389922701543922
average_pairwise_L1_distance: 6.060069531579179 6.606439019000104 7.152808506421028
average_pairwise_binned_L0_distance: 11.146470576374504 11.898974358974357 12.65147814157421
accuracy_trained: 0.6757471380715054 0.7539999999999999 0.8322528619284943
IFr_trained: 0.03661154350506827 0.078775 0.12093845649493173
valid_IFr_trained: 0.04899104505667904 0.104585 0.16017895494332096
accuracy_retrained: 0.3084747593957546 0.675 1.0415252406042455
IFr_retrained: -0.009743431417559067 0.046965 0.10367343141755907
valid_IFr_retrained: -0.013589453963626166 0.05649 0.12656945396362618
