validity: 0.45 0.45 0.45
average_pairwise_L0_distance: 13.128434768793262 13.57179487179487 14.015154974796477
average_pairwise_L1_distance: 6.783226047931833 7.280344264332953 7.777462480734074
average_pairwise_binned_L0_distance: 12.246465532427074 12.782051282051283 13.317637031675492
accuracy_trained: 0.6757471380715054 0.7539999999999999 0.8322528619284943
IFr_trained: 0.03661154350506827 0.078775 0.12093845649493173
valid_IFr_trained: 0.04899104505667904 0.104585 0.16017895494332096
accuracy_retrained: 0.6672124940081899 0.7709999999999999 0.8747875059918099
IFr_retrained: -0.04266883207826068 0.06566000000000001 0.1739888320782607
valid_IFr_retrained: -0.022309076551657106 0.06255 0.14740907655165708
