validity: 0.7 0.7 0.7
average_pairwise_L0_distance: 12.787194553424031 13.222307692307691 13.65742083119135
average_pairwise_L1_distance: 6.542182002871153 6.946929057619103 7.351676112367054
average_pairwise_binned_L0_distance: 11.753251535318574 12.358205128205128 12.963158721091682
accuracy_trained: 0.6757471380715054 0.7539999999999999 0.8322528619284943
IFr_trained: 0.03661154350506827 0.078775 0.12093845649493173
valid_IFr_trained: 0.04899104505667904 0.104585 0.16017895494332096
accuracy_retrained: 0.2647309849988415 0.666 1.0672690150011586
IFr_retrained: -0.020152033721954912 0.035805000000000003 0.09176203372195492
valid_IFr_retrained: -0.02716558330421487 0.048964999999999995 0.12509558330421486
