validity: 0.9 0.9 0.9
average_pairwise_L0_distance: 12.638228594781074 13.08179487179487 13.525361148808665
average_pairwise_L1_distance: 6.319414149054531 6.797011853656649 7.274609558258767
average_pairwise_binned_L0_distance: 11.486539516739013 12.187179487179488 12.887819457619964
accuracy_trained: 0.6757471380715054 0.7539999999999999 0.8322528619284943
IFr_trained: 0.03661154350506827 0.078775 0.12093845649493173
valid_IFr_trained: 0.04899104505667904 0.104585 0.16017895494332096
accuracy_retrained: 0.6755683246475619 0.756 0.8364316753524381
IFr_retrained: -0.0015203005518724666 0.038045 0.07761030055187247
valid_IFr_retrained: -0.0028176844240542023 0.042455 0.08772768442405421
