validity: 0.5 0.5 0.5
average_pairwise_L0_distance: 13.17699320120227 13.54205128205128 13.907109362900291
average_pairwise_L1_distance: 7.128513949575375 7.20765358924635 7.286793228917325
average_pairwise_binned_L0_distance: 12.156962923682363 12.72974358974359 13.302524255804817
accuracy_trained: 0.6757471380715054 0.7539999999999999 0.8322528619284943
IFr_trained: 0.03661154350506827 0.078775 0.12093845649493173
valid_IFr_trained: 0.04899104505667904 0.104585 0.16017895494332096
accuracy_retrained: 0.10328203715802525 0.549 0.9947179628419749
IFr_retrained: -0.0326510241398994 0.018355 0.0693610241398994
valid_IFr_retrained: -0.04284496780739385 0.02268 0.08820496780739384
