validity: 0.0 0.0 0.0
average_pairwise_L0_distance: 13.705495458460295 13.892564102564103 14.079632746667912
average_pairwise_L1_distance: 7.131018950153782 7.452360747849437 7.773702545545092
average_pairwise_binned_L0_distance: 12.70999029903999 13.116410256410257 13.522830213780523
accuracy_trained: 0.6757471380715054 0.7539999999999999 0.8322528619284943
IFr_trained: 0.03661154350506827 0.078775 0.12093845649493173
valid_IFr_trained: 0.04899104505667904 0.104585 0.16017895494332096
accuracy_retrained: 0.6666000000000001 0.7450000000000001 0.8234000000000001
IFr_retrained: -0.008162507679741221 0.04836999999999999 0.1049025076797412
valid_IFr_retrained: -0.0039182897130374955 0.064495 0.13290828971303748
