validity: 0.75 0.75 0.75
average_pairwise_L0_distance: 12.813858707082678 13.271282051282054 13.728705395481429
average_pairwise_L1_distance: 6.5619694795044925 7.025739462648966 7.4895094457934395
average_pairwise_binned_L0_distance: 11.741631117716432 12.417948717948718 13.094266318181004
accuracy_trained: 0.6757471380715054 0.7539999999999999 0.8322528619284943
IFr_trained: 0.03661154350506827 0.078775 0.12093845649493173
valid_IFr_trained: 0.04899104505667904 0.104585 0.16017895494332096
accuracy_retrained: 0.6613156900010158 0.748 0.8346843099989842
IFr_retrained: -0.03435481420554326 0.036495 0.10734481420554326
valid_IFr_retrained: -0.061479019095370756 0.05238 0.16623901909537075
