validity: 0.6 0.6 0.6
average_pairwise_L0_distance: 12.815938679965269 13.481025641025639 14.146112602086008
average_pairwise_L1_distance: 6.762253814150398 7.207327319487952 7.652400824825506
average_pairwise_binned_L0_distance: 11.763831227795379 12.632820512820512 13.501809797845645
accuracy_trained: 0.6757471380715054 0.7539999999999999 0.8322528619284943
IFr_trained: 0.03661154350506827 0.078775 0.12093845649493173
valid_IFr_trained: 0.04899104505667904 0.104585 0.16017895494332096
accuracy_retrained: 0.6676509231231844 0.76 0.8523490768768156
IFr_retrained: 0.0005109251790528443 0.038225 0.07593907482094717
valid_IFr_retrained: -0.004604160453481977 0.046395000000000006 0.09739416045348198
