validity: 0.5 0.5 0.5
average_pairwise_L0_distance: 13.938695841389652 14.091666666666665 14.244637491943678
average_pairwise_L1_distance: 7.4607188458790645 7.60481311775203 7.748907389624996
average_pairwise_binned_L0_distance: 12.943170958249645 13.200897435897435 13.458623913545225
accuracy_trained: 0.7042713866065964 0.726 0.7477286133934036
IFr_trained: 0.030982173844393154 0.07821249999999999 0.1254428261556068
valid_IFr_trained: 0.03652784347121626 0.0698975 0.10326715652878374
accuracy_retrained: 0.5169468133436383 0.6214999999999999 0.7260531866563615
IFr_retrained: 0.013343971995859183 0.045610000000000005 0.07787602800414083
valid_IFr_retrained: 0.012374701940518526 0.038737499999999994 0.06510029805948146
