validity: 0.2999999999999999 0.29999999999999993 0.3
average_pairwise_L0_distance: 14.107615413482094 14.223589743589745 14.339564073697396
average_pairwise_L1_distance: 7.559025040875745 7.701300080387183 7.843575119898621
average_pairwise_binned_L0_distance: 13.121673973422503 13.362051282051283 13.602428590680063
accuracy_trained: 0.7042713866065964 0.726 0.7477286133934036
IFr_trained: 0.030982173844393154 0.07821249999999999 0.1254428261556068
valid_IFr_trained: 0.03652784347121626 0.0698975 0.10326715652878374
accuracy_retrained: 0.4594903385311186 0.5775 0.6955096614688815
IFr_retrained: -0.003198505589278802 0.013275 0.0297485055892788
valid_IFr_retrained: -0.003551339470582353 0.0118775 0.02730633947058235
