validity: 0.2 0.2 0.2
average_pairwise_L0_distance: 14.173076959545591 14.27551282051282 14.377948681480047
average_pairwise_L1_distance: 7.630105679801648 7.772164498146397 7.914223316491146
average_pairwise_binned_L0_distance: 13.1966578207298 13.422435897435898 13.648213974141996
accuracy_trained: 0.7042713866065964 0.726 0.7477286133934036
IFr_trained: 0.030982173844393154 0.07821249999999999 0.1254428261556068
valid_IFr_trained: 0.03652784347121626 0.0698975 0.10326715652878374
accuracy_retrained: 0.5714704715026842 0.6519999999999999 0.7325295284973157
IFr_retrained: -0.008322235433238137 0.045937500000000006 0.10019723543323815
valid_IFr_retrained: -0.002010090447644046 0.0381925 0.07839509044764403
