validity: 0.55 0.55 0.55
average_pairwise_L0_distance: 13.68577825115948 14.051153846153847 14.416529441148214
average_pairwise_L1_distance: 7.162570554698975 7.573394017370262 7.984217480041549
average_pairwise_binned_L0_distance: 12.523447980626125 13.179102564102564 13.834757147579003
accuracy_trained: 0.6572880912796042 0.726 0.7947119087203958
IFr_trained: -0.0711429052843418 0.07821249999999999 0.2275679052843418
valid_IFr_trained: -0.03562661936846474 0.0698975 0.17542161936846473
accuracy_retrained: 0.32853054406065624 0.633 0.9374694559393437
IFr_retrained: -0.04086329363002818 0.014155000000000001 0.06917329363002818
valid_IFr_retrained: -0.019782720687251204 0.009640000000000001 0.0390627206872512
