validity: 0.85 0.85 0.85
average_pairwise_L0_distance: 13.114474381028531 13.585641025641028 14.056807670253525
average_pairwise_L1_distance: 6.649698340756443 7.163884749363257 7.678071157970071
average_pairwise_binned_L0_distance: 11.921050906287077 12.696538461538461 13.472026016789846
accuracy_trained: 0.6572880912796042 0.726 0.7947119087203958
IFr_trained: -0.0711429052843418 0.07821249999999999 0.2275679052843418
valid_IFr_trained: -0.03562661936846474 0.0698975 0.17542161936846473
accuracy_retrained: 0.40109795968236317 0.659 0.9169020403176369
IFr_retrained: -0.053191040306594495 0.044524999999999995 0.14224104030659449
valid_IFr_retrained: -0.047702587159165394 0.029457499999999998 0.10661758715916539
