validity: 0.8 0.8 0.8
average_pairwise_L0_distance: 13.561773784055983 13.67205128205128 13.782328780046576
average_pairwise_L1_distance: 7.073179126307327 7.24512087912088 7.417062631934433
average_pairwise_binned_L0_distance: 12.52366228978684 12.736025641025643 12.948388992264446
accuracy_trained: 0.7042713866065964 0.726 0.7477286133934036
IFr_trained: 0.030982173844393154 0.07821249999999999 0.1254428261556068
valid_IFr_trained: 0.03652784347121626 0.0698975 0.10326715652878374
accuracy_retrained: 0.5936125803598505 0.669 0.7443874196401495
IFr_retrained: 0.013038359907601268 0.0418775 0.07071664009239872
valid_IFr_retrained: 0.006813254027804312 0.0393175 0.07182174597219568
