validity: 1.0 1.0 1.0
average_pairwise_L0_distance: 13.13572698771884 13.266923076923074 13.398119166127309
average_pairwise_L1_distance: 6.746833189437511 6.893873988254077 7.040914787070643
average_pairwise_binned_L0_distance: 12.06278174471732 12.287307692307692 12.511833639898065
accuracy_trained: 0.7042713866065964 0.726 0.7477286133934036
IFr_trained: 0.030982173844393154 0.07821249999999999 0.1254428261556068
valid_IFr_trained: 0.03652784347121626 0.0698975 0.10326715652878374
accuracy_retrained: 0.5134530868042397 0.6135 0.7135469131957604
IFr_retrained: 0.0029106549862927475 0.0501475 0.09738434501370724
valid_IFr_retrained: 0.00199092982041376 0.03796 0.07392907017958625
