validity: 0.85 0.85 0.85
average_pairwise_L0_distance: 13.436645050193569 13.585641025641028 13.734637001088487
average_pairwise_L1_distance: 7.001284730053303 7.163884749363257 7.326484768673211
average_pairwise_binned_L0_distance: 12.451307764367456 12.696538461538461 12.941769158709466
accuracy_trained: 0.7042713866065964 0.726 0.7477286133934036
IFr_trained: 0.030982173844393154 0.07821249999999999 0.1254428261556068
valid_IFr_trained: 0.03652784347121626 0.0698975 0.10326715652878374
accuracy_retrained: 0.5774442139391692 0.659 0.7405557860608308
IFr_retrained: 0.01362447486983433 0.044524999999999995 0.07542552513016566
valid_IFr_retrained: 0.005057338011992624 0.029457499999999998 0.05385766198800737
