validity: 0.25 0.25 0.25
average_pairwise_L0_distance: 14.072052221183657 14.210897435897436 14.349742650611216
average_pairwise_L1_distance: 7.563626154940091 7.733917097608275 7.904208040276459
average_pairwise_binned_L0_distance: 13.115524030520202 13.375384615384615 13.635245200249027
accuracy_trained: 0.7042713866065964 0.726 0.7477286133934036
IFr_trained: 0.030982173844393154 0.07821249999999999 0.1254428261556068
valid_IFr_trained: 0.03652784347121626 0.0698975 0.10326715652878374
accuracy_retrained: 0.4796104165347747 0.599 0.7183895834652253
IFr_retrained: 0.026833881730029832 0.10530750000000003 0.18378111826997023
valid_IFr_retrained: 0.01413451625386336 0.085965 0.15779548374613664
