validity: 0.55 0.55 0.55
average_pairwise_L0_distance: 13.935611937991705 14.051153846153847 14.166695754315988
average_pairwise_L1_distance: 7.443480231542419 7.573394017370262 7.703307803198105
average_pairwise_binned_L0_distance: 12.97176637989111 13.179102564102564 13.386438748314019
accuracy_trained: 0.7042713866065964 0.726 0.7477286133934036
IFr_trained: 0.030982173844393154 0.07821249999999999 0.1254428261556068
valid_IFr_trained: 0.03652784347121626 0.0698975 0.10326715652878374
accuracy_retrained: 0.5367183041279393 0.633 0.7292816958720607
IFr_retrained: -0.003243312084682235 0.014155000000000001 0.031553312084682233
valid_IFr_retrained: 0.00033571876693315114 0.009640000000000001 0.01894428123306685
