validity: 0.1 0.1 0.1
average_pairwise_L0_distance: 14.127265414874973 14.25205128205128 14.376837149227587
average_pairwise_L1_distance: 7.611066204768057 7.767289066514176 7.923511928260296
average_pairwise_binned_L0_distance: 13.163053392961602 13.376794871794871 13.59053635062814
accuracy_trained: 0.7042713866065964 0.726 0.7477286133934036
IFr_trained: 0.030982173844393154 0.07821249999999999 0.1254428261556068
valid_IFr_trained: 0.03652784347121626 0.0698975 0.10326715652878374
accuracy_retrained: 0.3651575585223935 0.4919999999999999 0.6188424414776063
IFr_retrained: -0.009402219039515998 0.036402500000000004 0.082207219039516
valid_IFr_retrained: -0.007954549964247555 0.033182500000000004 0.07431954996424756
