validity: 0.75 0.75 0.75
average_pairwise_L0_distance: 13.584953694074732 13.722179487179485 13.859405280284237
average_pairwise_L1_distance: 7.194591820525809 7.360415065829093 7.526238311132377
average_pairwise_binned_L0_distance: 12.618907594025604 12.83576923076923 13.052630867512857
accuracy_trained: 0.7042713866065964 0.726 0.7477286133934036
IFr_trained: 0.030982173844393154 0.07821249999999999 0.1254428261556068
valid_IFr_trained: 0.03652784347121626 0.0698975 0.10326715652878374
accuracy_retrained: 0.534668406637163 0.6339999999999999 0.7333315933628368
IFr_retrained: -0.007777769828744306 0.0258325 0.05944276982874431
valid_IFr_retrained: 0.0017069644117725762 0.014910000000000001 0.028113035588227427
