validity: 0.9499999999999997 0.9499999999999998 0.95
average_pairwise_L0_distance: 13.257572077275475 13.372051282051283 13.48653048682709
average_pairwise_L1_distance: 6.835451420216621 6.975372698191701 7.115293976166781
average_pairwise_binned_L0_distance: 12.220219826519395 12.419230769230769 12.618241711942142
accuracy_trained: 0.7042713866065964 0.726 0.7477286133934036
IFr_trained: 0.030982173844393154 0.07821249999999999 0.1254428261556068
valid_IFr_trained: 0.03652784347121626 0.0698975 0.10326715652878374
accuracy_retrained: 0.4646103364220084 0.5855 0.7063896635779916
IFr_retrained: -0.0036933665193618764 0.032865 0.06942336651936187
valid_IFr_retrained: -0.005978264528070973 0.030207499999999998 0.06639326452807097
