validity: 1.0 1.0 1.0
average_pairwise_L0_distance: 12.852044614931069 13.266923076923074 13.68180153891508
average_pairwise_L1_distance: 6.428890155023137 6.893873988254077 7.358857821485016
average_pairwise_binned_L0_distance: 11.577294304114524 12.287307692307692 12.99732108050086
accuracy_trained: 0.6572880912796042 0.726 0.7947119087203958
IFr_trained: -0.0711429052843418 0.07821249999999999 0.2275679052843418
valid_IFr_trained: -0.03562661936846474 0.0698975 0.17542161936846473
accuracy_retrained: 0.29712388143224217 0.6135 0.929876118567758
IFr_retrained: -0.09922851972368256 0.0501475 0.19952351972368254
valid_IFr_retrained: -0.07578418708593421 0.03796 0.1517041870859342
