validity: 0.65 0.6500000000000001 0.6500000000000002
average_pairwise_L0_distance: 13.790500870798098 13.908846153846152 14.027191436894206
average_pairwise_L1_distance: 7.301129094117912 7.415166357272692 7.529203620427471
average_pairwise_binned_L0_distance: 12.814978066689301 13.014102564102567 13.213227061515832
accuracy_trained: 0.7042713866065964 0.726 0.7477286133934036
IFr_trained: 0.030982173844393154 0.07821249999999999 0.1254428261556068
valid_IFr_trained: 0.03652784347121626 0.0698975 0.10326715652878374
accuracy_retrained: 0.47253410181516653 0.589 0.7054658981848334
IFr_retrained: 0.0006419745280860714 0.03922250000000001 0.07780302547191395
valid_IFr_retrained: 0.002188104027098972 0.0353225 0.06845689597290103
