validity: 0.8 0.8 0.8
average_pairwise_L0_distance: 13.323323213721492 13.67205128205128 14.020779350381067
average_pairwise_L1_distance: 6.701393315348386 7.24512087912088 7.788848442893374
average_pairwise_binned_L0_distance: 12.064473759564684 12.736025641025643 13.407577522486601
accuracy_trained: 0.6572880912796042 0.726 0.7947119087203958
IFr_trained: -0.0711429052843418 0.07821249999999999 0.2275679052843418
valid_IFr_trained: -0.03562661936846474 0.0698975 0.17542161936846473
accuracy_retrained: 0.43060404701421634 0.669 0.9073959529857838
IFr_retrained: -0.04931986845265876 0.0418775 0.13307486845265876
valid_IFr_retrained: -0.06346995089849244 0.0393175 0.14210495089849245
