validity: 0.14999999999999994 0.14999999999999997 0.15
average_pairwise_L0_distance: 14.225541250527112 14.339871794871794 14.454202339216476
average_pairwise_L1_distance: 7.677756686398773 7.824458795352461 7.971160904306149
average_pairwise_binned_L0_distance: 13.233158923927222 13.475641025641028 13.718123127354835
accuracy_trained: 0.7042713866065964 0.726 0.7477286133934036
IFr_trained: 0.030982173844393154 0.07821249999999999 0.1254428261556068
valid_IFr_trained: 0.03652784347121626 0.0698975 0.10326715652878374
accuracy_retrained: 0.5157761514982498 0.6154999999999999 0.71522384850175
IFr_retrained: 0.0037700795102614953 0.034117499999999995 0.0644649204897385
valid_IFr_retrained: 0.005246624214390681 0.0283875 0.051528375785609315
