validity: 0.4 0.4 0.4
average_pairwise_L0_distance: 14.089223457136985 14.191153846153844 14.293084235170703
average_pairwise_L1_distance: 7.54172084179083 7.669870225802353 7.798019609813877
average_pairwise_binned_L0_distance: 13.146954645721504 13.356923076923076 13.566891508124648
accuracy_trained: 0.7042713866065964 0.726 0.7477286133934036
IFr_trained: 0.030982173844393154 0.07821249999999999 0.1254428261556068
valid_IFr_trained: 0.03652784347121626 0.0698975 0.10326715652878374
accuracy_retrained: 0.5399651032244361 0.6420000000000001 0.7440348967755641
IFr_retrained: 0.0008960157307862544 0.023985 0.04707398426921375
valid_IFr_retrained: 0.000813194817576076 0.01796 0.03510680518242393
