validity: 0.9 0.9 0.9
average_pairwise_L0_distance: 13.386634916297291 13.507435897435897 13.628236878574503
average_pairwise_L1_distance: 6.953770345378627 7.096395503566316 7.239020661754005
average_pairwise_binned_L0_distance: 12.353673290307697 12.552692307692308 12.751711325076919
accuracy_trained: 0.7042713866065964 0.726 0.7477286133934036
IFr_trained: 0.030982173844393154 0.07821249999999999 0.1254428261556068
valid_IFr_trained: 0.03652784347121626 0.0698975 0.10326715652878374
accuracy_retrained: 0.51826863610469 0.62 0.72173136389531
IFr_retrained: -0.00011306372357731617 0.024545 0.049203063723577314
valid_IFr_retrained: -0.000658159253003443 0.0175525 0.03576315925300344
