validity: 0.45 0.45 0.45
average_pairwise_L0_distance: 14.022771445013786 14.157179487179485 14.291587529345184
average_pairwise_L1_distance: 7.504820406325133 7.684690825639919 7.864561244954705
average_pairwise_binned_L0_distance: 13.034058313633532 13.281666666666666 13.529275019699801
accuracy_trained: 0.7042713866065964 0.726 0.7477286133934036
IFr_trained: 0.030982173844393154 0.07821249999999999 0.1254428261556068
valid_IFr_trained: 0.03652784347121626 0.0698975 0.10326715652878374
accuracy_retrained: 0.6883878417492124 0.7055 0.7226121582507876
IFr_retrained: 0.004551391883729078 0.07246749999999999 0.1403836081162709
valid_IFr_retrained: 0.011022930150495547 0.050655000000000006 0.09028706984950446
