validity: 0.5999999999999998 0.5999999999999999 0.6
average_pairwise_L0_distance: 13.880861360266055 14.034487179487177 14.1881129987083
average_pairwise_L1_distance: 7.302054081948332 7.466750381217575 7.631446680486818
average_pairwise_binned_L0_distance: 12.880044582164537 13.147307692307692 13.414570802450847
accuracy_trained: 0.7042713866065964 0.726 0.7477286133934036
IFr_trained: 0.030982173844393154 0.07821249999999999 0.1254428261556068
valid_IFr_trained: 0.03652784347121626 0.0698975 0.10326715652878374
accuracy_retrained: 0.5219079244761778 0.6289999999999999 0.7360920755238219
IFr_retrained: 0.010026378091303162 0.0534525 0.09687862190869684
valid_IFr_retrained: 0.008027023550073127 0.03712000000000001 0.06621297644992688
