validity: 0.25 0.25 0.25
average_pairwise_L0_distance: 13.771830315186774 14.210897435897436 14.649964556608099
average_pairwise_L1_distance: 7.195409853879664 7.733917097608275 8.272424341336887
average_pairwise_binned_L0_distance: 12.553633293109591 13.375384615384615 14.197135937659638
accuracy_trained: 0.6572880912796042 0.726 0.7947119087203958
IFr_trained: -0.0711429052843418 0.07821249999999999 0.2275679052843418
valid_IFr_trained: -0.03562661936846474 0.0698975 0.17542161936846473
accuracy_retrained: 0.2214569873511099 0.599 0.9765430126488901
IFr_retrained: -0.1428478699677079 0.10530750000000003 0.3534628699677079
valid_IFr_retrained: -0.14118293406949578 0.085965 0.3131129340694958
