validity: 0.05 0.05 0.05
average_pairwise_L0_distance: 14.114924793440832 14.26 14.405075206559168
average_pairwise_L1_distance: 7.550371547980896 7.748820117790705 7.947268687600513
average_pairwise_binned_L0_distance: 13.111000909008096 13.401923076923078 13.69284524483806
accuracy_trained: 0.7042713866065964 0.726 0.7477286133934036
IFr_trained: 0.030982173844393154 0.07821249999999999 0.1254428261556068
valid_IFr_trained: 0.03652784347121626 0.0698975 0.10326715652878374
accuracy_retrained: 0.46342242977696 0.5820000000000001 0.7005775702230401
IFr_retrained: 0.0013213271968805507 0.034907499999999994 0.06849367280311944
valid_IFr_retrained: 0.0064241299865714745 0.026087499999999996 0.04575087001342852
