validity: 0.7 0.7 0.7
average_pairwise_L0_distance: 13.816757225894351 13.92525641025641 14.033755594618468
average_pairwise_L1_distance: 7.314134839519779 7.4679142260454485 7.621693612571118
average_pairwise_binned_L0_distance: 12.841735899598593 13.035384615384615 13.229033331170637
accuracy_trained: 0.7042713866065964 0.726 0.7477286133934036
IFr_trained: 0.030982173844393154 0.07821249999999999 0.1254428261556068
valid_IFr_trained: 0.03652784347121626 0.0698975 0.10326715652878374
accuracy_retrained: 0.5227645032052308 0.6319999999999999 0.741235496794769
IFr_retrained: 0.008257858649789597 0.038842499999999995 0.06942714135021039
valid_IFr_retrained: 0.0065750126479568564 0.0325375 0.058499987352043134
