validity: 0.35 0.35 0.35
average_pairwise_L0_distance: 14.03996472294869 14.17628205128205 14.312599379615408
average_pairwise_L1_distance: 7.596812937427856 7.715099602760235 7.833386268092614
average_pairwise_binned_L0_distance: 13.088602899568865 13.327051282051283 13.5654996645337
accuracy_trained: 0.7042713866065964 0.726 0.7477286133934036
IFr_trained: 0.030982173844393154 0.07821249999999999 0.1254428261556068
valid_IFr_trained: 0.03652784347121626 0.0698975 0.10326715652878374
accuracy_retrained: 0.6958091036998817 0.707 0.7181908963001182
IFr_retrained: -0.008421553763634973 0.0565075 0.12143655376363498
valid_IFr_retrained: -0.004900687588937844 0.0319725 0.06884568758893785
