validity: 0.0 0.0 0.0
average_pairwise_L0_distance: 14.20279433187033 14.286282051282052 14.369769770693775
average_pairwise_L1_distance: 7.606685431237757 7.756306773794331 7.905928116350905
average_pairwise_binned_L0_distance: 13.237665838419732 13.437051282051282 13.636436725682833
accuracy_trained: 0.7042713866065964 0.726 0.7477286133934036
IFr_trained: 0.030982173844393154 0.07821249999999999 0.1254428261556068
valid_IFr_trained: 0.03652784347121626 0.0698975 0.10326715652878374
accuracy_retrained: 0.5328968488896543 0.6319999999999999 0.7311031511103455
IFr_retrained: 0.0063529775880220365 0.0374475 0.06854202241197796
valid_IFr_retrained: 0.0054945764634262186 0.03573 0.06596542353657378
