validity: 0.45 0.45 0.45
average_pairwise_L0_distance: 13.732143938091923 14.157179487179485 14.582215036267048
average_pairwise_L1_distance: 7.115890616915652 7.684690825639919 8.253491034364185
average_pairwise_binned_L0_distance: 12.498660303398896 13.281666666666666 14.064673029934436
accuracy_trained: 0.6572880912796042 0.726 0.7947119087203958
IFr_trained: -0.0711429052843418 0.07821249999999999 0.2275679052843418
valid_IFr_trained: -0.03562661936846474 0.0698975 0.17542161936846473
accuracy_retrained: 0.6513866042462683 0.7055 0.7596133957537318
IFr_retrained: -0.14230209146166387 0.07246749999999999 0.2872370914616639
valid_IFr_retrained: -0.07467260911132073 0.050655000000000006 0.17598260911132074
