validity: 0.9499999999999996 0.9499999999999998 0.9500000000000001
average_pairwise_L0_distance: 13.010036250234906 13.372051282051283 13.73406631386766
average_pairwise_L1_distance: 6.532902766668896 6.975372698191701 7.417842629714506
average_pairwise_binned_L0_distance: 11.789902910965546 12.419230769230769 13.048558627495991
accuracy_trained: 0.6572880912796042 0.726 0.7947119087203958
IFr_trained: -0.0711429052843418 0.07821249999999999 0.2275679052843418
valid_IFr_trained: -0.03562661936846474 0.0698975 0.17542161936846473
accuracy_retrained: 0.20321331752204608 0.5855 0.967786682477954
IFr_retrained: -0.0827427057364257 0.032865 0.1484727057364257
valid_IFr_retrained: -0.08422193478323223 0.030207499999999998 0.14463693478323222
