validity: 0.75 0.75 0.75
average_pairwise_L0_distance: 13.28823342724544 13.722179487179485 14.156125547113529
average_pairwise_L1_distance: 6.836035921669897 7.360415065829093 7.884794209988289
average_pairwise_binned_L0_distance: 12.149992521547313 12.83576923076923 13.521545939991148
accuracy_trained: 0.6572880912796042 0.726 0.7947119087203958
IFr_trained: -0.0711429052843418 0.07821249999999999 0.2275679052843418
valid_IFr_trained: -0.03562661936846474 0.0698975 0.17542161936846473
accuracy_retrained: 0.3198859213597709 0.6339999999999999 0.9481140786402289
IFr_retrained: -0.08045250543166943 0.0258325 0.13211750543166945
valid_IFr_retrained: -0.026841664487059665 0.014910000000000001 0.056661664487059664
