validity: 0.5 0.5 0.5
average_pairwise_L0_distance: 13.607930443235647 14.091666666666665 14.575402890097683
average_pairwise_L1_distance: 7.149147020849922 7.60481311775203 8.060479214654139
average_pairwise_binned_L0_distance: 12.385894753197947 13.200897435897435 14.015900118596923
accuracy_trained: 0.6572880912796042 0.726 0.7947119087203958
IFr_trained: -0.0711429052843418 0.07821249999999999 0.2275679052843418
valid_IFr_trained: -0.03562661936846474 0.0698975 0.17542161936846473
accuracy_retrained: 0.2908737935371728 0.6214999999999999 0.9521262064628271
IFr_retrained: -0.05642413953986184 0.045610000000000005 0.14764413953986186
valid_IFr_retrained: -0.04462898736302856 0.038737499999999994 0.12210398736302855
