validity: 0.4 0.4 0.4
average_pairwise_L0_distance: 10.71004869783472 10.837720127846831 10.965391557858942
average_pairwise_L1_distance: 3.582808744663043 3.811103386221282 4.039398027779521
average_pairwise_binned_L0_distance: 9.167234217361885 9.506515489089688 9.84579676081749
accuracy_trained: 0.8112984018192355 0.8344695224934746 0.8576406431677137
IFr_trained: 0.002859171583463593 0.007749999999999998 0.012640828416536402
valid_IFr_trained: 0.008948670623879017 0.031925 0.05490132937612099
accuracy_retrained: 0.8270442622747859 0.8360356210655612 0.8450269798563365
IFr_retrained: 0.00255343853944836 0.00513 0.00770656146055164
valid_IFr_retrained: 0.01329075597625444 0.023155 0.03301924402374556
