validity: 0.55 0.55 0.55
average_pairwise_L0_distance: 10.653244486612415 10.784159178039816 10.915073869467218
average_pairwise_L1_distance: 3.482758699843105 3.6861687184383443 3.8895787370335837
average_pairwise_binned_L0_distance: 9.062987324781304 9.361176974819085 9.659366624856865
accuracy_trained: 0.8112984018192355 0.8344695224934746 0.8576406431677137
IFr_trained: 0.002859171583463593 0.007749999999999998 0.012640828416536402
valid_IFr_trained: 0.008948670623879017 0.031925 0.05490132937612099
accuracy_retrained: 0.7633582653215416 0.8234300629510211 0.8835018605805005
IFr_retrained: -0.0006698008421429057 0.0037949999999999998 0.008259800842142905
valid_IFr_retrained: -0.0014482169938048826 0.01462 0.030688216993804883
