validity: 0.7 0.7 0.7
average_pairwise_L0_distance: 10.54611539485755 10.703852997398904 10.861590599940259
average_pairwise_L1_distance: 3.311917941481665 3.525298270008333 3.738678598535001
average_pairwise_binned_L0_distance: 8.87945156028383 9.187757379116384 9.496063197948938
accuracy_trained: 0.8112984018192355 0.8344695224934746 0.8576406431677137
IFr_trained: 0.002859171583463593 0.007749999999999998 0.012640828416536402
valid_IFr_trained: 0.008948670623879017 0.031925 0.05490132937612099
accuracy_retrained: 0.8318348130458871 0.8379241516966068 0.8440134903473265
IFr_retrained: 0.0014290002341137194 0.005615 0.009800999765886281
valid_IFr_retrained: 0.013601933029817792 0.022095 0.03058806697018221
