validity: 0.6499999999999999 0.6500000000000001 0.6500000000000004
average_pairwise_L0_distance: 10.58265976216298 10.737515629593682 10.892371497024385
average_pairwise_L1_distance: 3.403973225150072 3.600017358360778 3.7960614915714843
average_pairwise_binned_L0_distance: 8.96449466243939 9.25970746831871 9.55492027419803
accuracy_trained: 0.8112984018192355 0.8344695224934746 0.8576406431677137
IFr_trained: 0.002859171583463593 0.007749999999999998 0.012640828416536402
valid_IFr_trained: 0.008948670623879017 0.031925 0.05490132937612099
accuracy_retrained: 0.7625929311893912 0.8198065407646246 0.8770201503398579
IFr_retrained: -0.0013139733068709926 0.00399 0.009293973306870991
valid_IFr_retrained: -0.002190402342876381 0.0157875 0.03376540234287638
