validity: 0.8 0.8 0.8
average_pairwise_L0_distance: 10.471194496098686 10.648294883647342 10.825395271195998
average_pairwise_L1_distance: 3.212548178193153 3.421222950160439 3.629897722127725
average_pairwise_binned_L0_distance: 8.766774053647554 9.060075612402606 9.353377171157659
accuracy_trained: 0.8112984018192355 0.8344695224934746 0.8576406431677137
IFr_trained: 0.002859171583463593 0.007749999999999998 0.012640828416536402
valid_IFr_trained: 0.008948670623879017 0.031925 0.05490132937612099
accuracy_retrained: 0.7604614252463588 0.8225088284968525 0.8845562317473461
IFr_retrained: -0.0014559845666772013 0.004642499999999999 0.0107409845666772
valid_IFr_retrained: -0.0014749323539829072 0.019480000000000004 0.04043493235398292
