validity: 0.2999999999999998 0.29999999999999993 0.30000000000000004
average_pairwise_L0_distance: 10.747968023539064 10.864044673186523 10.980121322833982
average_pairwise_L1_distance: 3.661842454551935 3.8818708756268867 4.101899296701839
average_pairwise_binned_L0_distance: 9.2226263631927 9.563914205190148 9.905202047187595
accuracy_trained: 0.8112984018192355 0.8344695224934746 0.8576406431677137
IFr_trained: 0.002859171583463593 0.007749999999999998 0.012640828416536402
valid_IFr_trained: 0.008948670623879017 0.031925 0.05490132937612099
accuracy_retrained: 0.7896342782282947 0.8300475971134654 0.8704609159986362
IFr_retrained: 0.0006426856982350961 0.00433 0.008017314301764902
valid_IFr_retrained: 0.0018667145096903613 0.022867500000000002 0.04386828549030965
