validity: 0.25 0.25 0.25
average_pairwise_L0_distance: 10.755979619450741 10.874946484507367 10.993913349563993
average_pairwise_L1_distance: 3.67311339577212 3.908343216219005 4.14357303666589
average_pairwise_binned_L0_distance: 9.257297876186417 9.602615499597968 9.94793312300952
accuracy_trained: 0.8112984018192355 0.8344695224934746 0.8576406431677137
IFr_trained: 0.002859171583463593 0.007749999999999998 0.012640828416536402
valid_IFr_trained: 0.008948670623879017 0.031925 0.05490132937612099
accuracy_retrained: 0.7851440923193117 0.8305082143405496 0.8758723363617874
IFr_retrained: -9.753445854843341e-05 0.0053750000000000004 0.010847534458548434
valid_IFr_retrained: 0.005159788262489976 0.02597 0.04678021173751003
