validity: 0.1499999999999999 0.14999999999999997 0.15000000000000002
average_pairwise_L0_distance: 10.7838036224961 10.891502932282979 10.999202242069858
average_pairwise_L1_distance: 3.676819141731693 3.951337596931011 4.225856052130329
average_pairwise_binned_L0_distance: 9.269326385074038 9.650812384659798 10.032298384245557
accuracy_trained: 0.8112984018192355 0.8344695224934746 0.8576406431677137
IFr_trained: 0.002859171583463593 0.007749999999999998 0.012640828416536402
valid_IFr_trained: 0.008948670623879017 0.031925 0.05490132937612099
accuracy_retrained: 0.8288910615282666 0.8368186703516045 0.8447462791749424
IFr_retrained: 0.0016098913133431678 0.0056500000000000005 0.009690108686656833
valid_IFr_retrained: 0.011313929636682062 0.0273675 0.04342107036331794
