validity: 0.9499999999999996 0.9499999999999998 0.9500000000000001
average_pairwise_L0_distance: 10.349843264092279 10.55110779726336 10.75237233043444
average_pairwise_L1_distance: 3.013699549447072 3.226289624265418 3.438879699083764
average_pairwise_binned_L0_distance: 8.538927855513835 8.846959269190306 9.154990682866776
accuracy_trained: 0.8112984018192355 0.8344695224934746 0.8576406431677137
IFr_trained: 0.002859171583463593 0.007749999999999998 0.012640828416536402
valid_IFr_trained: 0.008948670623879017 0.031925 0.05490132937612099
accuracy_retrained: 0.7809072957094901 0.8294641486258252 0.8780210015421602
IFr_retrained: 0.0005526838524031203 0.0046725000000000004 0.00879231614759688
valid_IFr_retrained: -0.0007031650960685164 0.021535 0.04377316509606852
