validity: 0.0 0.0 0.0
average_pairwise_L0_distance: 10.809477065234933 10.904097167368597 10.998717269502261
average_pairwise_L1_distance: 3.7539779730338134 3.992812915370884 4.231647857707954
average_pairwise_binned_L0_distance: 9.302267980316918 9.700018655152423 10.097769329987928
accuracy_trained: 0.8112984018192355 0.8344695224934746 0.8576406431677137
IFr_trained: 0.002859171583463593 0.007749999999999998 0.012640828416536402
valid_IFr_trained: 0.008948670623879017 0.031925 0.05490132937612099
accuracy_retrained: 0.8281627352176396 0.8350069092584063 0.8418510832991729
IFr_retrained: 0.0021351878619388373 0.004325 0.006514812138061162
valid_IFr_retrained: 0.012850074515700905 0.023695 0.0345399254842991
