validity: 0.7 0.7 0.7
average_pairwise_L0_distance: 12.739706061230077 13.215 13.690293938769923
average_pairwise_L1_distance: 6.611101924347284 7.043445991414321 7.4757900584813575
average_pairwise_binned_L0_distance: 12.0663694630153 12.58974358974359 13.113117716471878
accuracy_trained: 0.6631437978773558 0.7859999999999999 0.9088562021226441
IFr_trained: 0.049642397185227435 0.0914575 0.13327260281477254
valid_IFr_trained: 0.04102304009301323 0.07221 0.10339695990698676
accuracy_retrained: 0.7091199999999999 0.7639999999999999 0.8188799999999999
IFr_retrained: 0.02422034914933254 0.0585625 0.09290465085066746
valid_IFr_retrained: 0.025313400299134876 0.05072 0.07612659970086513
