validity: 0.25 0.25 0.25
average_pairwise_L0_distance: 13.506499396089257 13.65051282051282 13.794526244936382
average_pairwise_L1_distance: 7.346993723389511 7.4739624942679255 7.60093126514634
average_pairwise_binned_L0_distance: 12.938737192229677 13.093589743589742 13.248442294949808
accuracy_trained: 0.747149457661443 0.7859999999999999 0.8248505423385568
IFr_trained: 0.07823440345112008 0.0914575 0.10468059654887991
valid_IFr_trained: 0.06234781733975688 0.07221 0.08207218266024312
accuracy_retrained: 0.753292494830649 0.773 0.7927075051693511
IFr_retrained: 0.03263209259904977 0.0458 0.05896790740095023
valid_IFr_retrained: 0.03779876720651669 0.050980000000000004 0.06416123279348332
