validity: 0.9 0.9 0.9
average_pairwise_L0_distance: 12.691915055260479 12.87551282051282 13.059110585765163
average_pairwise_L1_distance: 6.476134561250811 6.651348745020694 6.826562928790576
average_pairwise_binned_L0_distance: 11.9601558429109 12.170384615384616 12.380613387858332
accuracy_trained: 0.747149457661443 0.7859999999999999 0.8248505423385568
IFr_trained: 0.07823440345112008 0.0914575 0.10468059654887991
valid_IFr_trained: 0.06234781733975688 0.07221 0.08207218266024312
accuracy_retrained: 0.749707833370538 0.768 0.786292166629462
IFr_retrained: 0.05248910347400952 0.0687025 0.08491589652599048
valid_IFr_retrained: 0.04126603025760962 0.056569999999999995 0.07187396974239037
