validity: 0.6499999999999999 0.6500000000000001 0.6500000000000004
average_pairwise_L0_distance: 12.83495907876324 13.290000000000001 13.745040921236761
average_pairwise_L1_distance: 6.806554580527825 7.123240124254828 7.43992566798183
average_pairwise_binned_L0_distance: 12.128064275282219 12.658717948717948 13.189371622153677
accuracy_trained: 0.6631437978773558 0.7859999999999999 0.9088562021226441
IFr_trained: 0.049642397185227435 0.0914575 0.13327260281477254
valid_IFr_trained: 0.04102304009301323 0.07221 0.10339695990698676
accuracy_retrained: 0.7188254615615921 0.7649999999999999 0.8111745384384077
IFr_retrained: 0.02603285615027345 0.0531725 0.08031214384972654
valid_IFr_retrained: 0.028349641849296222 0.04876 0.06917035815070377
