validity: 0.0 0.0 0.0
average_pairwise_L0_distance: 13.576592591451767 13.772948717948717 13.969304844445666
average_pairwise_L1_distance: 7.458135165554978 7.586124307316619 7.71411344907826
average_pairwise_binned_L0_distance: 12.95170132103929 13.149358974358975 13.347016627678661
accuracy_trained: 0.747149457661443 0.7859999999999999 0.8248505423385568
IFr_trained: 0.07823440345112008 0.0914575 0.10468059654887991
valid_IFr_trained: 0.06234781733975688 0.07221 0.08207218266024312
accuracy_retrained: 0.746654092613337 0.7665 0.7863459073866629
IFr_retrained: 0.032909944787889 0.045665 0.058420055212110994
valid_IFr_retrained: 0.040635818592429256 0.05145999999999999 0.06228418140757073
