validity: 0.45 0.45 0.45
average_pairwise_L0_distance: 13.401239913114413 13.569871794871796 13.738503676629179
average_pairwise_L1_distance: 7.229310118147235 7.378980157348939 7.528650196550642
average_pairwise_binned_L0_distance: 12.799168611289883 12.99025641025641 13.181344209222939
accuracy_trained: 0.747149457661443 0.7859999999999999 0.8248505423385568
IFr_trained: 0.07823440345112008 0.0914575 0.10468059654887991
valid_IFr_trained: 0.06234781733975688 0.07221 0.08207218266024312
accuracy_retrained: 0.7624656315841541 0.7755 0.7885343684158458
IFr_retrained: 0.03708147233610099 0.05101 0.06493852766389901
valid_IFr_retrained: 0.04036451638795285 0.0524475 0.06453048361204715
