validity: 0.2 0.2 0.2
average_pairwise_L0_distance: 13.5176077960029 13.681410256410256 13.845212716817612
average_pairwise_L1_distance: 7.489427761652688 7.587021504262452 7.684615246872217
average_pairwise_binned_L0_distance: 12.894251738259056 13.091025641025642 13.287799543792227
accuracy_trained: 0.747149457661443 0.7859999999999999 0.8248505423385568
IFr_trained: 0.07823440345112008 0.0914575 0.10468059654887991
valid_IFr_trained: 0.06234781733975688 0.07221 0.08207218266024312
accuracy_retrained: 0.7506763584405283 0.769 0.7873236415594718
IFr_retrained: 0.04154656575964524 0.0508425 0.060138434240354754
valid_IFr_retrained: 0.04453270925340744 0.055689999999999996 0.06684729074659256
