validity: 0.05 0.05 0.05
average_pairwise_L0_distance: 13.280198049893826 13.777435897435897 14.274673744977967
average_pairwise_L1_distance: 7.229769679518364 7.559844356874902 7.88991903423144
average_pairwise_binned_L0_distance: 12.604378812548804 13.167435897435897 13.73049298232299
accuracy_trained: 0.6631437978773558 0.7859999999999999 0.9088562021226441
IFr_trained: 0.049642397185227435 0.0914575 0.13327260281477254
valid_IFr_trained: 0.04102304009301323 0.07221 0.10339695990698676
accuracy_retrained: 0.7305029921193703 0.768 0.8054970078806297
IFr_retrained: 0.0036344495820591766 0.04335 0.08306555041794082
valid_IFr_retrained: 0.011194012988075215 0.049175 0.08715598701192478
