validity: 0.05 0.05 0.05
average_pairwise_L0_distance: 13.620195483728647 13.777435897435897 13.934676311143146
average_pairwise_L1_distance: 7.455465579035716 7.559844356874902 7.664223134714089
average_pairwise_binned_L0_distance: 12.989381613342099 13.167435897435897 13.345490181529696
accuracy_trained: 0.747149457661443 0.7859999999999999 0.8248505423385568
IFr_trained: 0.07823440345112008 0.0914575 0.10468059654887991
valid_IFr_trained: 0.06234781733975688 0.07221 0.08207218266024312
accuracy_retrained: 0.7561424049655927 0.768 0.7798575950344073
IFr_retrained: 0.03079084021520548 0.04335 0.05590915978479452
valid_IFr_retrained: 0.03716435732610449 0.049175 0.061185642673895514
