validity: 0.4 0.4 0.4
average_pairwise_L0_distance: 13.213303912944875 13.648205128205129 14.083106343465383
average_pairwise_L1_distance: 6.965048855850351 7.464953325708981 7.964857795567611
average_pairwise_binned_L0_distance: 12.548719372386497 13.075512820512822 13.602306268639147
accuracy_trained: 0.6631437978773558 0.7859999999999999 0.9088562021226441
IFr_trained: 0.049642397185227435 0.0914575 0.13327260281477254
valid_IFr_trained: 0.04102304009301323 0.07221 0.10339695990698676
accuracy_retrained: 0.7091177112226401 0.7605000000000001 0.81188228877736
IFr_retrained: 0.016339707555996244 0.04782 0.07930029244400376
valid_IFr_retrained: 0.02229528099609011 0.0499225 0.07754971900390989
