validity: 0.55 0.55 0.55
average_pairwise_L0_distance: 13.20902060054479 13.397435897435898 13.585851194327006
average_pairwise_L1_distance: 7.072084068885022 7.2159279388283935 7.3597718087717645
average_pairwise_binned_L0_distance: 12.603162719321789 12.812820512820513 13.022478306319238
accuracy_trained: 0.747149457661443 0.7859999999999999 0.8248505423385568
IFr_trained: 0.07823440345112008 0.0914575 0.10468059654887991
valid_IFr_trained: 0.06234781733975688 0.07221 0.08207218266024312
accuracy_retrained: 0.7452991594234298 0.7655 0.7857008405765701
IFr_retrained: 0.0398449020836638 0.04956 0.0592750979163362
valid_IFr_retrained: 0.040838830692592684 0.0522625 0.06368616930740732
