validity: 0.75 0.75 0.75
average_pairwise_L0_distance: 12.506875486889186 13.135641025641027 13.764406564392868
average_pairwise_L1_distance: 6.510545232030499 6.953312056972694 7.396078881914888
average_pairwise_binned_L0_distance: 11.802084653656289 12.496538461538462 13.190992269420635
accuracy_trained: 0.6631437978773558 0.7859999999999999 0.9088562021226441
IFr_trained: 0.049642397185227435 0.0914575 0.13327260281477254
valid_IFr_trained: 0.04102304009301323 0.07221 0.10339695990698676
accuracy_retrained: 0.7200609318087655 0.7705 0.8209390681912344
IFr_retrained: 0.025515116506598018 0.0596975 0.09387988349340198
valid_IFr_retrained: 0.01498455258631657 0.055099999999999996 0.09521544741368343
