validity: 0.85 0.85 0.85
average_pairwise_L0_distance: 12.76166346305954 12.96948717948718 13.17731089591482
average_pairwise_L1_distance: 6.574789118413756 6.754048683970632 6.933308249527508
average_pairwise_binned_L0_distance: 12.030839688111472 12.271538461538462 12.512237234965452
accuracy_trained: 0.747149457661443 0.7859999999999999 0.8248505423385568
IFr_trained: 0.07823440345112008 0.0914575 0.10468059654887991
valid_IFr_trained: 0.06234781733975688 0.07221 0.08207218266024312
accuracy_retrained: 0.7424057920869688 0.7605 0.7785942079130311
IFr_retrained: 0.046662783412239804 0.05709249999999999 0.06752221658776018
valid_IFr_retrained: 0.04089744428657701 0.0507275 0.06055755571342299
