validity: 0.65 0.6500000000000001 0.6500000000000002
average_pairwise_L0_distance: 13.146103426031056 13.290000000000001 13.433896573968946
average_pairwise_L1_distance: 7.02309536223221 7.123240124254828 7.2233848862774455
average_pairwise_binned_L0_distance: 12.490910523038739 12.658717948717948 12.826525374397157
accuracy_trained: 0.747149457661443 0.7859999999999999 0.8248505423385568
IFr_trained: 0.07823440345112008 0.0914575 0.10468059654887991
valid_IFr_trained: 0.06234781733975688 0.07221 0.08207218266024312
accuracy_retrained: 0.7503983288627636 0.7649999999999999 0.7796016711372362
IFr_retrained: 0.04459019105490836 0.0531725 0.06175480894509164
valid_IFr_retrained: 0.04230567803839938 0.04876 0.055214321961600615
