validity: 0.55 0.55 0.55
average_pairwise_L0_distance: 12.801614413243156 13.397435897435898 13.99325738162864
average_pairwise_L1_distance: 6.761053682354306 7.2159279388283935 7.670802195302481
average_pairwise_binned_L0_distance: 12.149824356159304 12.812820512820513 13.475816669481723
accuracy_trained: 0.6631437978773558 0.7859999999999999 0.9088562021226441
IFr_trained: 0.049642397185227435 0.0914575 0.13327260281477254
valid_IFr_trained: 0.04102304009301323 0.07221 0.10339695990698676
accuracy_retrained: 0.7016193331280894 0.7655 0.8293806668719105
IFr_retrained: 0.018838162892821666 0.04956 0.08028183710717833
valid_IFr_retrained: 0.016137685752034663 0.0522625 0.08838731424796534
