validity: 1.0 1.0 1.0
average_pairwise_L0_distance: 12.421754490159415 12.618846153846153 12.815937817532891
average_pairwise_L1_distance: 6.237806840399242 6.428542690843597 6.619278541287952
average_pairwise_binned_L0_distance: 11.666079273967163 11.88320512820513 12.100330982443097
accuracy_trained: 0.747149457661443 0.7859999999999999 0.8248505423385568
IFr_trained: 0.07823440345112008 0.0914575 0.10468059654887991
valid_IFr_trained: 0.06234781733975688 0.07221 0.08207218266024312
accuracy_retrained: 0.7520939074419859 0.764 0.7759060925580141
IFr_retrained: 0.04779343630005967 0.061682499999999994 0.07557156369994032
valid_IFr_retrained: 0.042317338941031235 0.05184 0.06136266105896876
