validity: 0.85 0.85 0.85
average_pairwise_L0_distance: 12.312290883774885 12.96948717948718 13.626683475199474
average_pairwise_L1_distance: 6.187180164438632 6.754048683970632 7.320917203502632
average_pairwise_binned_L0_distance: 11.510382107500364 12.271538461538462 13.03269481557656
accuracy_trained: 0.6631437978773558 0.7859999999999999 0.9088562021226441
IFr_trained: 0.049642397185227435 0.0914575 0.13327260281477254
valid_IFr_trained: 0.04102304009301323 0.07221 0.10339695990698676
accuracy_retrained: 0.7032810905381796 0.7605 0.8177189094618204
IFr_retrained: 0.02411084023263837 0.05709249999999999 0.0900741597673616
valid_IFr_retrained: 0.01964213441923194 0.0507275 0.08181286558076806
