validity: 0.2 0.2 0.2
average_pairwise_L0_distance: 13.163421395183462 13.681410256410256 14.19939911763705
average_pairwise_L1_distance: 7.278402992235372 7.587021504262452 7.895640016289533
average_pairwise_binned_L0_distance: 12.468771924202725 13.091025641025642 13.713279357848558
accuracy_trained: 0.6631437978773558 0.7859999999999999 0.9088562021226441
IFr_trained: 0.049642397185227435 0.0914575 0.13327260281477254
valid_IFr_trained: 0.04102304009301323 0.07221 0.10339695990698676
accuracy_retrained: 0.7110555576435497 0.769 0.8269444423564504
IFr_retrained: 0.02144617482133183 0.0508425 0.08023882517866816
valid_IFr_retrained: 0.02040754872404696 0.055689999999999996 0.09097245127595303
