validity: 0.8 0.8 0.8
average_pairwise_L0_distance: 12.33177086140808 12.995256410256411 13.658741959104743
average_pairwise_L1_distance: 6.198425623990586 6.7994853576539125 7.400545091317239
average_pairwise_binned_L0_distance: 11.530216965331064 12.30051282051282 13.070808675694575
accuracy_trained: 0.6631437978773558 0.7859999999999999 0.9088562021226441
IFr_trained: 0.049642397185227435 0.0914575 0.13327260281477254
valid_IFr_trained: 0.04102304009301323 0.07221 0.10339695990698676
accuracy_retrained: 0.7114711232464852 0.766 0.8205288767535148
IFr_retrained: 0.015538705014788323 0.057025000000000006 0.09851129498521169
valid_IFr_retrained: 0.020148258127585073 0.0510475 0.08194674187241494
