validity: 0.4 0.4 0.4
average_pairwise_L0_distance: 13.510677288465372 13.648205128205129 13.785732967944886
average_pairwise_L1_distance: 7.306869651983755 7.464953325708981 7.623036999434207
average_pairwise_binned_L0_distance: 12.908926105259527 13.075512820512822 13.242099535766117
accuracy_trained: 0.747149457661443 0.7859999999999999 0.8248505423385568
IFr_trained: 0.07823440345112008 0.0914575 0.10468059654887991
valid_IFr_trained: 0.06234781733975688 0.07221 0.08207218266024312
accuracy_retrained: 0.7442514936071035 0.7605000000000001 0.7767485063928966
IFr_retrained: 0.03786505744687595 0.04782 0.057774942553124056
valid_IFr_retrained: 0.04118600625313565 0.0499225 0.058658993746864355
