validity: 0.1 0.1 0.1
average_pairwise_L0_distance: 13.163901305318321 13.684999999999999 14.206098694681677
average_pairwise_L1_distance: 7.127445287357562 7.4991663876595975 7.870887487961633
average_pairwise_binned_L0_distance: 12.515827629459125 13.093076923076925 13.670326216694725
accuracy_trained: 0.6631437978773558 0.7859999999999999 0.9088562021226441
IFr_trained: 0.049642397185227435 0.0914575 0.13327260281477254
valid_IFr_trained: 0.04102304009301323 0.07221 0.10339695990698676
accuracy_retrained: 0.6981319044027313 0.766 0.8338680955972687
IFr_retrained: 0.017985724150594608 0.045225 0.0724642758494054
valid_IFr_retrained: 0.026543723813541798 0.050495 0.0744462761864582
