validity: 0.5999999999999998 0.5999999999999999 0.6
average_pairwise_L0_distance: 13.14146749845785 13.374230769230769 13.606994040003688
average_pairwise_L1_distance: 7.02154359055109 7.207216671086579 7.392889751622068
average_pairwise_binned_L0_distance: 12.5438077791752 12.78846153846154 13.03311529774788
accuracy_trained: 0.747149457661443 0.7859999999999999 0.8248505423385568
IFr_trained: 0.07823440345112008 0.0914575 0.10468059654887991
valid_IFr_trained: 0.06234781733975688 0.07221 0.08207218266024312
accuracy_retrained: 0.7405897544198753 0.7569999999999999 0.7734102455801245
IFr_retrained: 0.04089653773378071 0.053515 0.06613346226621929
valid_IFr_retrained: 0.04133027047384928 0.051527500000000004 0.061724729526150726
