validity: 0.14999999999999994 0.14999999999999997 0.15
average_pairwise_L0_distance: 13.533476863006092 13.694999999999999 13.856523136993905
average_pairwise_L1_distance: 7.388867762628125 7.538940507958607 7.6890132532890885
average_pairwise_binned_L0_distance: 12.869732898964516 13.082179487179488 13.29462607539446
accuracy_trained: 0.747149457661443 0.7859999999999999 0.8248505423385568
IFr_trained: 0.07823440345112008 0.0914575 0.10468059654887991
valid_IFr_trained: 0.06234781733975688 0.07221 0.08207218266024312
accuracy_retrained: 0.7445522850888217 0.7655 0.7864477149111783
IFr_retrained: 0.03568760034206989 0.0466225 0.0575573996579301
valid_IFr_retrained: 0.04057656351134717 0.050249999999999996 0.05992343648865282
