validity: 0.9499999999999997 0.9499999999999998 0.95
average_pairwise_L0_distance: 12.52505580966675 12.71371794871795 12.90238008776915
average_pairwise_L1_distance: 6.34090042245558 6.521947452748357 6.702994483041134
average_pairwise_binned_L0_distance: 11.769268288140928 11.974743589743591 12.180218891346254
accuracy_trained: 0.747149457661443 0.7859999999999999 0.8248505423385568
IFr_trained: 0.07823440345112008 0.0914575 0.10468059654887991
valid_IFr_trained: 0.06234781733975688 0.07221 0.08207218266024312
accuracy_retrained: 0.7600006358760116 0.7745 0.7889993641239883
IFr_retrained: 0.049543104593155925 0.058562499999999997 0.06758189540684408
valid_IFr_retrained: 0.04032184356512576 0.0488975 0.057473156434874245
