validity: 0.1499999999999999 0.14999999999999997 0.15000000000000002
average_pairwise_L0_distance: 13.18421899228385 13.694999999999999 14.205781007716148
average_pairwise_L1_distance: 7.064368817999886 7.538940507958607 8.01351219791733
average_pairwise_binned_L0_distance: 12.410364387288295 13.082179487179488 13.75399458707068
accuracy_trained: 0.6631437978773558 0.7859999999999999 0.9088562021226441
IFr_trained: 0.049642397185227435 0.0914575 0.13327260281477254
valid_IFr_trained: 0.04102304009301323 0.07221 0.10339695990698676
accuracy_retrained: 0.6992575091048049 0.7655 0.831742490895195
IFr_retrained: 0.012043311095544768 0.0466225 0.08120168890445523
valid_IFr_retrained: 0.0196599078948755 0.050249999999999996 0.0808400921051245
