validity: 0.5 0.5 0.5
average_pairwise_L0_distance: 13.30931529327362 13.48705128205128 13.664787270828938
average_pairwise_L1_distance: 7.187707793750254 7.2928391607135925 7.397970527676931
average_pairwise_binned_L0_distance: 12.702276247352552 12.89974358974359 13.097210932134628
accuracy_trained: 0.747149457661443 0.7859999999999999 0.8248505423385568
IFr_trained: 0.07823440345112008 0.0914575 0.10468059654887991
valid_IFr_trained: 0.06234781733975688 0.07221 0.08207218266024312
accuracy_retrained: 0.745926968553645 0.7655 0.7850730314463549
IFr_retrained: 0.03934846161185292 0.05030250000000001 0.0612565383881471
valid_IFr_retrained: 0.04100210196892789 0.0513425 0.06168289803107211
