validity: 0.7 0.7 0.7
average_pairwise_L0_distance: 13.064698859541444 13.215 13.365301140458556
average_pairwise_L1_distance: 6.9067267929350775 7.043445991414321 7.180165189893564
average_pairwise_binned_L0_distance: 12.424238158857289 12.58974358974359 12.75524902062989
accuracy_trained: 0.747149457661443 0.7859999999999999 0.8248505423385568
IFr_trained: 0.07823440345112008 0.0914575 0.10468059654887991
valid_IFr_trained: 0.06234781733975688 0.07221 0.08207218266024312
accuracy_retrained: 0.7466454202009959 0.7639999999999999 0.7813545797990039
IFr_retrained: 0.04770255835628018 0.0585625 0.06942244164371983
valid_IFr_retrained: 0.04268572773451136 0.05072 0.05875427226548864
