validity: 0.0 0.0 0.0
average_pairwise_L0_distance: 13.152016125690215 13.772948717948717 14.393881310207219
average_pairwise_L1_distance: 7.181387103579657 7.586124307316619 7.9908615110535814
average_pairwise_binned_L0_distance: 12.524310592904829 13.149358974358975 13.774407355813121
accuracy_trained: 0.6631437978773558 0.7859999999999999 0.9088562021226441
IFr_trained: 0.049642397185227435 0.0914575 0.13327260281477254
valid_IFr_trained: 0.04102304009301323 0.07221 0.10339695990698676
accuracy_retrained: 0.7037417304253853 0.7665 0.8292582695746146
IFr_retrained: 0.005329973848527139 0.045665 0.08600002615147286
valid_IFr_retrained: 0.01723093294522913 0.05145999999999999 0.08568906705477086
