validity: 0.2999999999999999 0.29999999999999993 0.3
average_pairwise_L0_distance: 13.468376799609414 13.594871794871796 13.721366790134178
average_pairwise_L1_distance: 7.308173333442243 7.4083795311023835 7.508585728762524
average_pairwise_binned_L0_distance: 12.823500106051334 12.97602564102564 13.128551175999945
accuracy_trained: 0.747149457661443 0.7859999999999999 0.8248505423385568
IFr_trained: 0.07823440345112008 0.0914575 0.10468059654887991
valid_IFr_trained: 0.06234781733975688 0.07221 0.08207218266024312
accuracy_retrained: 0.7544162749958773 0.7695000000000001 0.7845837250041229
IFr_retrained: 0.03957023806029333 0.051285000000000004 0.06299976193970667
valid_IFr_retrained: 0.040928792061197865 0.052164999999999996 0.06340120793880213
