validity: 0.9 0.9 0.9
average_pairwise_L0_distance: 12.2949257089985 12.87551282051282 13.456099932027142
average_pairwise_L1_distance: 6.097272845940557 6.651348745020694 7.20542464410083
average_pairwise_binned_L0_distance: 11.505582864666364 12.170384615384616 12.83518636610287
accuracy_trained: 0.6631437978773558 0.7859999999999999 0.9088562021226441
IFr_trained: 0.049642397185227435 0.0914575 0.13327260281477254
valid_IFr_trained: 0.04102304009301323 0.07221 0.10339695990698676
accuracy_retrained: 0.7101550901115751 0.768 0.825844909888425
IFr_retrained: 0.017431238370408712 0.0687025 0.11997376162959128
valid_IFr_retrained: 0.008174598371746104 0.056569999999999995 0.10496540162825388
