validity: 0.8 0.8 0.8
average_pairwise_L0_distance: 12.785443857359647 12.995256410256411 13.205068963153176
average_pairwise_L1_distance: 6.609413580834883 6.7994853576539125 6.989557134472942
average_pairwise_binned_L0_distance: 12.056923883056664 12.30051282051282 12.544101757968976
accuracy_trained: 0.747149457661443 0.7859999999999999 0.8248505423385568
IFr_trained: 0.07823440345112008 0.0914575 0.10468059654887991
valid_IFr_trained: 0.06234781733975688 0.07221 0.08207218266024312
accuracy_retrained: 0.7487564551208286 0.766 0.7832435448791715
IFr_retrained: 0.04390588161651097 0.057025000000000006 0.07014411838348904
valid_IFr_retrained: 0.04127630177107229 0.0510475 0.060818698228927714
