validity: 0.1 0.1 0.1
average_pairwise_L0_distance: 13.520214123906522 13.684999999999999 13.849785876093476
average_pairwise_L1_distance: 7.381617854529764 7.4991663876595975 7.616714920789431
average_pairwise_binned_L0_distance: 12.91053466852137 13.093076923076925 13.27561917763248
accuracy_trained: 0.747149457661443 0.7859999999999999 0.8248505423385568
IFr_trained: 0.07823440345112008 0.0914575 0.10468059654887991
valid_IFr_trained: 0.06234781733975688 0.07221 0.08207218266024312
accuracy_retrained: 0.7445382237454585 0.766 0.7874617762545415
IFr_retrained: 0.03661118465022613 0.045225 0.053838815349773875
valid_IFr_retrained: 0.042920941438304036 0.050495 0.05806905856169596
