validity: 0.75 0.75 0.75
average_pairwise_L0_distance: 12.936807903973158 13.135641025641027 13.334474147308896
average_pairwise_L1_distance: 6.813296893054855 6.953312056972694 7.093327220890532
average_pairwise_binned_L0_distance: 12.276932885269996 12.496538461538462 12.716144037806927
accuracy_trained: 0.747149457661443 0.7859999999999999 0.8248505423385568
IFr_trained: 0.07823440345112008 0.0914575 0.10468059654887991
valid_IFr_trained: 0.06234781733975688 0.07221 0.08207218266024312
accuracy_retrained: 0.754549766145915 0.7705 0.786450233854085
IFr_retrained: 0.048888081230750655 0.0596975 0.07050691876924935
valid_IFr_retrained: 0.04241438168160495 0.055099999999999996 0.06778561831839504
