validity: 0.35 0.35 0.35
average_pairwise_L0_distance: 13.466500502405998 13.625384615384615 13.784268728363232
average_pairwise_L1_distance: 7.3651062143462065 7.462193654384829 7.559281094423452
average_pairwise_binned_L0_distance: 12.838157266863519 13.02217948717949 13.20620170749546
accuracy_trained: 0.747149457661443 0.7859999999999999 0.8248505423385568
IFr_trained: 0.07823440345112008 0.0914575 0.10468059654887991
valid_IFr_trained: 0.06234781733975688 0.07221 0.08207218266024312
accuracy_retrained: 0.7494103060296564 0.7665000000000001 0.7835896939703437
IFr_retrained: 0.03511983466756444 0.04421750000000001 0.05331516533243558
valid_IFr_retrained: 0.0391509452296135 0.049034999999999995 0.05891905477038649
