validity: 0.35 0.35 0.35
average_pairwise_L0_distance: 11.157470092437354 11.188894989202447 11.220319885967541
average_pairwise_L1_distance: 4.178201288556455 4.2366545513625 4.295107814168546
average_pairwise_binned_L0_distance: 9.885635031562996 10.02567397641658 10.165712921270165
accuracy_trained: 0.8364054418591753 0.8386918470750807 0.8409782522909861
IFr_trained: 0.022445586953262625 0.028002499999999996 0.03355941304673737
valid_IFr_trained: 0.04897087020007485 0.0573075 0.06564412979992515
accuracy_retrained: 0.8160147765100868 0.8311684323660371 0.8463220882219874
IFr_retrained: 0.00820768304487775 0.011355 0.014502316955122252
valid_IFr_retrained: 0.025166903375715702 0.033960000000000004 0.04275309662428431
