validity: 0.0 0.0 0.0
average_pairwise_L0_distance: 11.223729510269516 11.256356743188212 11.288983976106907
average_pairwise_L1_distance: 4.298690274565885 4.35295776721995 4.407225259874014
average_pairwise_binned_L0_distance: 9.99806937508669 10.144508478058352 10.290947581030014
accuracy_trained: 0.8364054418591753 0.8386918470750807 0.8409782522909861
IFr_trained: 0.022445586953262625 0.028002499999999996 0.03355941304673737
valid_IFr_trained: 0.04897087020007485 0.0573075 0.06564412979992515
accuracy_retrained: 0.7941492492797838 0.8152464302164901 0.8363436111531964
IFr_retrained: 0.005768712100313739 0.01005 0.014331287899686261
valid_IFr_retrained: 0.015990348529475465 0.027549999999999998 0.03910965147052453
