validity: 0.2 0.2 0.2
average_pairwise_L0_distance: 11.127045736064554 11.227664882620127 11.3282840291757
average_pairwise_L1_distance: 4.10514701649791 4.312687265210682 4.520227513923454
average_pairwise_binned_L0_distance: 9.63546766015812 10.102557999223096 10.569648338288072
accuracy_trained: 0.8314615989387307 0.8386918470750807 0.8459220952114307
IFr_trained: 0.010429998012804205 0.028002499999999996 0.04557500198719579
valid_IFr_trained: 0.03094476182260272 0.0573075 0.08367023817739727
accuracy_retrained: 0.7706697371843888 0.8242898817749117 0.8779100263654346
IFr_retrained: 0.0006935692935346998 0.012417500000000001 0.0241414307064653
valid_IFr_retrained: -0.0058930243452330125 0.0347975 0.07548802434523302
