validity: 0.6499999999999999 0.6500000000000001 0.6500000000000004
average_pairwise_L0_distance: 10.906230169878325 11.03676599944979 11.167301829021254
average_pairwise_L1_distance: 3.843347630270418 3.970817785063732 4.0982879398570455
average_pairwise_binned_L0_distance: 9.326992370588815 9.716066454848036 10.105140539107257
accuracy_trained: 0.8314615989387307 0.8386918470750807 0.8459220952114307
IFr_trained: 0.010429998012804205 0.028002499999999996 0.04557500198719579
valid_IFr_trained: 0.03094476182260272 0.0573075 0.08367023817739727
accuracy_retrained: 0.7423884910808738 0.8138952863503762 0.8854020816198787
IFr_retrained: -0.004338712104670902 0.0100925 0.024523712104670903
valid_IFr_retrained: -0.009784434795755793 0.027142500000000003 0.0640694347957558
