validity: 0.2999999999999999 0.29999999999999993 0.3
average_pairwise_L0_distance: 11.170524995860521 11.202761316770392 11.234997637680262
average_pairwise_L1_distance: 4.198223043198735 4.2578902238689915 4.317557404539248
average_pairwise_binned_L0_distance: 9.910600197582035 10.0546348017772 10.198669405972364
accuracy_trained: 0.8364054418591753 0.8386918470750807 0.8409782522909861
IFr_trained: 0.022445586953262625 0.028002499999999996 0.03355941304673737
valid_IFr_trained: 0.04897087020007485 0.0573075 0.06564412979992515
accuracy_retrained: 0.8167228586540918 0.8303853830799939 0.844047907505896
IFr_retrained: 0.009390429187574427 0.016625 0.023859570812425575
valid_IFr_retrained: 0.02812191508996747 0.037809999999999996 0.047498084910032524
