validity: 0.45 0.45 0.45
average_pairwise_L0_distance: 11.10412407841682 11.14223892527431 11.180353772131799
average_pairwise_L1_distance: 4.104667637680471 4.163648847065667 4.222630056450862
average_pairwise_binned_L0_distance: 9.798872510219029 9.939400390341355 10.07992827046368
accuracy_trained: 0.8364054418591753 0.8386918470750807 0.8409782522909861
IFr_trained: 0.022445586953262625 0.028002499999999996 0.03355941304673737
valid_IFr_trained: 0.04897087020007485 0.0573075 0.06564412979992515
accuracy_retrained: 0.656534432578085 0.7672808229694458 0.8780272133608066
IFr_retrained: 0.007936753418605884 0.0126775 0.017418246581394115
valid_IFr_retrained: 0.02179474247345102 0.034199999999999994 0.04660525752654897
