validity: 0.05 0.05 0.05
average_pairwise_L0_distance: 11.220263220633278 11.250946867056065 11.281630513478852
average_pairwise_L1_distance: 4.273103267511657 4.33032862102406 4.387553974536464
average_pairwise_binned_L0_distance: 9.984028778964323 10.128365395400678 10.272702011837033
accuracy_trained: 0.8364054418591753 0.8386918470750807 0.8409782522909861
IFr_trained: 0.022445586953262625 0.028002499999999996 0.03355941304673737
valid_IFr_trained: 0.04897087020007485 0.0573075 0.06564412979992515
accuracy_retrained: 0.8133219711156039 0.8273453093812375 0.8413686476468711
IFr_retrained: 0.008658594486673029 0.011362500000000001 0.014066405513326974
valid_IFr_retrained: 0.027450584541815076 0.03651 0.04556941545818492
