validity: 0.14999999999999994 0.14999999999999997 0.15
average_pairwise_L0_distance: 11.213628263775082 11.24302645607597 11.272424648376859
average_pairwise_L1_distance: 4.267227218908554 4.32503854353452 4.382849868160486
average_pairwise_binned_L0_distance: 9.975934165805159 10.12190752475645 10.267880883707742
accuracy_trained: 0.8364054418591753 0.8386918470750807 0.8409782522909861
IFr_trained: 0.022445586953262625 0.028002499999999996 0.03355941304673737
valid_IFr_trained: 0.04897087020007485 0.0573075 0.06564412979992515
accuracy_retrained: 0.8126300651515211 0.8263780132043607 0.8401259612572002
IFr_retrained: 0.008202282970323157 0.012614999999999998 0.01702771702967684
valid_IFr_retrained: 0.03137732683462503 0.04163 0.05188267316537497
