validity: 0.25 0.25 0.25
average_pairwise_L0_distance: 11.115422620326964 11.218187120624453 11.320951620921942
average_pairwise_L1_distance: 4.089528317815782 4.288042043488696 4.48655576916161
average_pairwise_binned_L0_distance: 9.615134547891188 10.080037570060135 10.544940592229082
accuracy_trained: 0.8314615989387307 0.8386918470750807 0.8459220952114307
IFr_trained: 0.010429998012804205 0.028002499999999996 0.04557500198719579
valid_IFr_trained: 0.03094476182260272 0.0573075 0.08367023817739727
accuracy_retrained: 0.7437658825493481 0.8161216029479503 0.8884773233465526
IFr_retrained: -0.0035547938138847223 0.0096425 0.02283979381388472
valid_IFr_retrained: -0.01306860922353921 0.027707500000000003 0.06848360922353922
