validity: 0.1499999999999999 0.14999999999999997 0.15000000000000002
average_pairwise_L0_distance: 11.150061209313536 11.24302645607597 11.335991702838404
average_pairwise_L1_distance: 4.142223083165086 4.32503854353452 4.507854003903954
average_pairwise_binned_L0_distance: 9.660299232765043 10.12190752475645 10.583515816747857
accuracy_trained: 0.8314615989387307 0.8386918470750807 0.8459220952114307
IFr_trained: 0.010429998012804205 0.028002499999999996 0.04557500198719579
valid_IFr_trained: 0.03094476182260272 0.0573075 0.08367023817739727
accuracy_retrained: 0.7829031842037107 0.8263780132043607 0.8698528422050106
IFr_retrained: -0.001339236483591643 0.012614999999999998 0.02656923648359164
valid_IFr_retrained: 0.009208200692126904 0.04163 0.07405179930787309
