validity: 0.65 0.6500000000000001 0.6500000000000002
average_pairwise_L0_distance: 10.99548694567925 11.03676599944979 11.078045053220329
average_pairwise_L1_distance: 3.9305081827796218 3.970817785063732 4.011127387347842
average_pairwise_binned_L0_distance: 9.593030426367696 9.716066454848036 9.839102483328377
accuracy_trained: 0.8364054418591753 0.8386918470750807 0.8409782522909861
IFr_trained: 0.022445586953262625 0.028002499999999996 0.03355941304673737
valid_IFr_trained: 0.04897087020007485 0.0573075 0.06564412979992515
accuracy_retrained: 0.7912828522272781 0.8138952863503762 0.8365077204734743
IFr_retrained: 0.005528950035224771 0.0100925 0.01465604996477523
valid_IFr_retrained: 0.015465177903688709 0.027142500000000003 0.038819822096311296
