validity: 0.55 0.55 0.55
average_pairwise_L0_distance: 11.05553290945268 11.09063405084828 11.12573519224388
average_pairwise_L1_distance: 4.018532237536224 4.07008154238792 4.121630847239617
average_pairwise_binned_L0_distance: 9.695034776539444 9.827319408088545 9.959604039637647
accuracy_trained: 0.8364054418591753 0.8386918470750807 0.8409782522909861
IFr_trained: 0.022445586953262625 0.028002499999999996 0.03355941304673737
valid_IFr_trained: 0.04897087020007485 0.0573075 0.06564412979992515
accuracy_retrained: 0.800671878589798 0.8211883924458775 0.8417049063019569
IFr_retrained: 0.00679100609977336 0.010679999999999999 0.014568993900226637
valid_IFr_retrained: 0.020450272946153827 0.0304925 0.04053472705384617
