validity: 0.5999999999999998 0.5999999999999999 0.6
average_pairwise_L0_distance: 11.026897215432472 11.066593699045164 11.106290182657856
average_pairwise_L1_distance: 3.969578819909885 4.02299285277142 4.076406885632955
average_pairwise_binned_L0_distance: 9.646721258263923 9.779644631153397 9.912568004042871
accuracy_trained: 0.8364054418591753 0.8386918470750807 0.8409782522909861
IFr_trained: 0.022445586953262625 0.028002499999999996 0.03355941304673737
valid_IFr_trained: 0.04897087020007485 0.0573075 0.06564412979992515
accuracy_retrained: 0.7808935169891473 0.8057116536158452 0.830529790242543
IFr_retrained: 0.004145866129043923 0.0104575 0.016769133870956077
valid_IFr_retrained: 0.012529711167400091 0.025545 0.03856028883259991
