validity: 0.9 0.9 0.9
average_pairwise_L0_distance: 10.80492365706499 10.855067294329896 10.905210931594802
average_pairwise_L1_distance: 3.6281932997929554 3.6525054531519885 3.6768176065110216
average_pairwise_binned_L0_distance: 9.230729241436707 9.331991933417637 9.433254625398567
accuracy_trained: 0.8364054418591753 0.8386918470750807 0.8409782522909861
IFr_trained: 0.022445586953262625 0.028002499999999996 0.03355941304673737
valid_IFr_trained: 0.04897087020007485 0.0573075 0.06564412979992515
accuracy_retrained: 0.812739782040386 0.8299247658529095 0.8471097496654331
IFr_retrained: 0.00793840297572428 0.011555000000000001 0.015171597024275722
valid_IFr_retrained: 0.024175682658267625 0.0312975 0.03841931734173237
