validity: 0.75 0.75 0.75
average_pairwise_L0_distance: 10.834551343337615 10.972071111551909 11.109590879766202
average_pairwise_L1_distance: 3.7441269558857933 3.85784966559027 3.9715723752947465
average_pairwise_binned_L0_distance: 9.217724933650635 9.578669722333405 9.939614511016176
accuracy_trained: 0.8314615989387307 0.8386918470750807 0.8459220952114307
IFr_trained: 0.010429998012804205 0.028002499999999996 0.04557500198719579
valid_IFr_trained: 0.03094476182260272 0.0573075 0.08367023817739727
accuracy_retrained: 0.8230702226112869 0.8366958390910486 0.8503214555708103
IFr_retrained: 0.0014320286766935555 0.012510000000000002 0.02358797132330645
valid_IFr_retrained: 0.01865724286513061 0.035762499999999996 0.05286775713486938
