validity: 0.9499999999999997 0.9499999999999998 0.95
average_pairwise_L0_distance: 10.758432960744637 10.811043732163961 10.863654503583286
average_pairwise_L1_distance: 3.5416081410223934 3.566144551516836 3.590680962011279
average_pairwise_binned_L0_distance: 9.140542069372353 9.234832239409364 9.329122409446375
accuracy_trained: 0.8364054418591753 0.8386918470750807 0.8409782522909861
IFr_trained: 0.022445586953262625 0.028002499999999996 0.03355941304673737
valid_IFr_trained: 0.04897087020007485 0.0573075 0.06564412979992515
accuracy_retrained: 0.802303337859573 0.8217257792108091 0.8411482205620453
IFr_retrained: 0.0074693322348264885 0.0114025 0.01533566776517351
valid_IFr_retrained: 0.019252000385150823 0.029165000000000003 0.03907799961484919
