validity: 0.7 0.7 0.7
average_pairwise_L0_distance: 10.966087831024886 11.006046276585069 11.046004722145252
average_pairwise_L1_distance: 3.87507320245169 3.9132502010539576 3.951427199656225
average_pairwise_binned_L0_distance: 9.532198420755547 9.649747978336409 9.76729753591727
accuracy_trained: 0.8364054418591753 0.8386918470750807 0.8409782522909861
IFr_trained: 0.022445586953262625 0.028002499999999996 0.03355941304673737
valid_IFr_trained: 0.04897087020007485 0.0573075 0.06564412979992515
accuracy_retrained: 0.8132120165647497 0.8283126055581145 0.8434131945514792
IFr_retrained: 0.01036863064578914 0.015252499999999999 0.020136369354210856
valid_IFr_retrained: 0.026018162704317224 0.034492499999999995 0.042966837295682764
