validity: 0.2 0.2 0.2
average_pairwise_L0_distance: 11.195846314686337 11.227664882620127 11.259483450553917
average_pairwise_L1_distance: 4.247057276001663 4.312687265210682 4.378317254419701
average_pairwise_binned_L0_distance: 9.954851064772532 10.102557999223096 10.25026493367366
accuracy_trained: 0.8364054418591753 0.8386918470750807 0.8409782522909861
IFr_trained: 0.022445586953262625 0.028002499999999996 0.03355941304673737
valid_IFr_trained: 0.04897087020007485 0.0573075 0.06564412979992515
accuracy_retrained: 0.8073337032375508 0.8242898817749117 0.8412460603122726
IFr_retrained: 0.008710067583758271 0.012417500000000001 0.016124932416241734
valid_IFr_retrained: 0.02193002638825321 0.0347975 0.04766497361174679
