validity: 0.1 0.1 0.1
average_pairwise_L0_distance: 11.21500586145886 11.24734063717972 11.27967541290058
average_pairwise_L1_distance: 4.274733834943351 4.334309539954508 4.393885244965665
average_pairwise_binned_L0_distance: 9.990326435071495 10.134257353731208 10.27818827239092
accuracy_trained: 0.8364054418591753 0.8386918470750807 0.8409782522909861
IFr_trained: 0.022445586953262625 0.028002499999999996 0.03355941304673737
valid_IFr_trained: 0.04897087020007485 0.0573075 0.06564412979992515
accuracy_retrained: 0.812524720710681 0.8265315522800553 0.8405383838494295
IFr_retrained: 0.009340184365962474 0.012660000000000001 0.01597981563403753
valid_IFr_retrained: 0.028678012807916903 0.0399175 0.0511569871920831
