validity: 0.4 0.4 0.4
average_pairwise_L0_distance: 11.125887219332855 11.160834570122711 11.195781920912568
average_pairwise_L1_distance: 4.1378728424295135 4.192168965104978 4.246465087780442
average_pairwise_binned_L0_distance: 9.828803991077624 9.972272067687504 10.115740144297384
accuracy_trained: 0.8364054418591753 0.8386918470750807 0.8409782522909861
IFr_trained: 0.022445586953262625 0.028002499999999996 0.03355941304673737
valid_IFr_trained: 0.04897087020007485 0.0573075 0.06564412979992515
accuracy_retrained: 0.8143841100914875 0.8292184861047136 0.8440528621179397
IFr_retrained: 0.01173055035851766 0.017095 0.02245944964148234
valid_IFr_retrained: 0.02776127814763839 0.0393175 0.05087372185236161
