validity: 0.8 0.8 0.8
average_pairwise_L0_distance: 10.791169852738589 10.930354766686621 11.069539680634653
average_pairwise_L1_distance: 3.6874282012418322 3.786951623911719 3.8864750465816056
average_pairwise_binned_L0_distance: 9.14022134254304 9.493926567180392 9.847631791817744
accuracy_trained: 0.8314615989387307 0.8386918470750807 0.8459220952114307
IFr_trained: 0.010429998012804205 0.028002499999999996 0.04557500198719579
valid_IFr_trained: 0.03094476182260272 0.0573075 0.08367023817739727
accuracy_retrained: 0.7646123753154054 0.8247351450944265 0.8848579148734476
IFr_retrained: -0.004492660947916104 0.01222 0.028932660947916106
valid_IFr_retrained: -0.0017403787812941517 0.02968 0.06110037878129415
