validity: 1.0 1.0 1.0
average_pairwise_L0_distance: 10.709606173043621 10.765450185429856 10.82129419781609
average_pairwise_L1_distance: 3.457906791256962 3.484496982219826 3.51108717318269
average_pairwise_binned_L0_distance: 9.042392202203443 9.135896645732753 9.229401089262064
accuracy_trained: 0.8364054418591753 0.8386918470750807 0.8409782522909861
IFr_trained: 0.022445586953262625 0.028002499999999996 0.03355941304673737
valid_IFr_trained: 0.04897087020007485 0.0573075 0.06564412979992515
accuracy_retrained: 0.7910420489268161 0.8122370643328727 0.8334320797389293
IFr_retrained: 0.005486344849153217 0.012204999999999999 0.01892365515084678
valid_IFr_retrained: 0.01444899770808711 0.025522499999999997 0.036596002291912885
