validity: 0.55 0.55 0.55
average_pairwise_L0_distance: 10.979634495566565 11.09063405084828 11.201633606129995
average_pairwise_L1_distance: 3.9070683272581905 4.07008154238792 4.233094757517651
average_pairwise_binned_L0_distance: 9.408998672957217 9.827319408088545 10.245640143219873
accuracy_trained: 0.8314615989387307 0.8386918470750807 0.8459220952114307
IFr_trained: 0.010429998012804205 0.028002499999999996 0.04557500198719579
valid_IFr_trained: 0.03094476182260272 0.0573075 0.08367023817739727
accuracy_retrained: 0.7563094790142625 0.8211883924458775 0.8860673058774925
IFr_retrained: -0.001618078531217794 0.010679999999999999 0.02297807853121779
valid_IFr_retrained: -0.001263810270716273 0.0304925 0.06224881027071627
