validity: 0.8 0.8 0.8
average_pairwise_L0_distance: 10.88634063228559 10.930354766686621 10.974368901087653
average_pairwise_L1_distance: 3.755479554294471 3.786951623911719 3.818423693528967
average_pairwise_binned_L0_distance: 9.382075154164838 9.493926567180392 9.605777980195946
accuracy_trained: 0.8364054418591753 0.8386918470750807 0.8409782522909861
IFr_trained: 0.022445586953262625 0.028002499999999996 0.03355941304673737
valid_IFr_trained: 0.04897087020007485 0.0573075 0.06564412979992515
accuracy_retrained: 0.805722655920462 0.8247351450944265 0.843747634268391
IFr_retrained: 0.0069349925642436415 0.01222 0.017505007435756358
valid_IFr_retrained: 0.019744003810588495 0.02968 0.03961599618941151
