validity: 0.5 0.5 0.5
average_pairwise_L0_distance: 11.077850557905313 11.116532243305693 11.155213928706074
average_pairwise_L1_distance: 4.073692063298918 4.124236004602118 4.174779945905317
average_pairwise_binned_L0_distance: 9.743602035083656 9.883121927950967 10.022641820818277
accuracy_trained: 0.8364054418591753 0.8386918470750807 0.8409782522909861
IFr_trained: 0.022445586953262625 0.028002499999999996 0.03355941304673737
valid_IFr_trained: 0.04897087020007485 0.0573075 0.06564412979992515
accuracy_retrained: 0.7928778405845263 0.8145555043758638 0.8362331681672013
IFr_retrained: 0.005845663034963378 0.0100725 0.014299336965036623
valid_IFr_retrained: 0.016562068962733656 0.032034999999999994 0.04750793103726633
