validity: 0.85 0.85 0.85
average_pairwise_L0_distance: 10.850980244433144 10.894748574592864 10.938516904752584
average_pairwise_L1_distance: 3.6913951806073415 3.7194856311214806 3.7475760816356196
average_pairwise_binned_L0_distance: 9.310384967120456 9.41791555827905 9.525446149437645
accuracy_trained: 0.8364054418591753 0.8386918470750807 0.8409782522909861
IFr_trained: 0.022445586953262625 0.028002499999999996 0.03355941304673737
valid_IFr_trained: 0.04897087020007485 0.0573075 0.06564412979992515
accuracy_retrained: 0.80380495390906 0.8229387379087978 0.8420725219085355
IFr_retrained: 0.007039591899370934 0.010977499999999998 0.014915408100629062
valid_IFr_retrained: 0.018666673544103098 0.029285 0.0399033264558969
