validity: 0.1 0.1 0.1
average_pairwise_L0_distance: 11.145089098271088 11.24734063717972 11.349592176088352
average_pairwise_L1_distance: 4.145914618908946 4.334309539954508 4.52270446100007
average_pairwise_binned_L0_distance: 9.679107825046085 10.134257353731208 10.58940688241633
accuracy_trained: 0.8314615989387307 0.8386918470750807 0.8459220952114307
IFr_trained: 0.010429998012804205 0.028002499999999996 0.04557500198719579
valid_IFr_trained: 0.03094476182260272 0.0573075 0.08367023817739727
accuracy_retrained: 0.782238061718482 0.8265315522800553 0.8708250428416285
IFr_retrained: 0.0021618211846054 0.012660000000000001 0.0231581788153946
valid_IFr_retrained: 0.004375120740726997 0.0399175 0.075459879259273
