validity: 0.25 0.25 0.25
average_pairwise_L0_distance: 11.185690132269542 11.218187120624453 11.250684108979364
average_pairwise_L1_distance: 4.225266491495471 4.288042043488696 4.350817595481921
average_pairwise_binned_L0_distance: 9.933022325945172 10.080037570060135 10.227052814175098
accuracy_trained: 0.8364054418591753 0.8386918470750807 0.8409782522909861
IFr_trained: 0.022445586953262625 0.028002499999999996 0.03355941304673737
valid_IFr_trained: 0.04897087020007485 0.0573075 0.06564412979992515
accuracy_retrained: 0.7932407151277614 0.8161216029479503 0.8390024907681393
IFr_retrained: 0.0054691492597674 0.0096425 0.0138158507402326
valid_IFr_retrained: 0.01481296207338162 0.027707500000000003 0.04060203792661839
