validity: 0.2999999999999998 0.29999999999999993 0.30000000000000004
average_pairwise_L0_distance: 11.100821119311087 11.202761316770392 11.304701514229697
average_pairwise_L1_distance: 4.069206031390208 4.2578902238689915 4.446574416347775
average_pairwise_binned_L0_distance: 9.599157390639633 10.0546348017772 10.510112212914766
accuracy_trained: 0.8314615989387307 0.8386918470750807 0.8459220952114307
IFr_trained: 0.010429998012804205 0.028002499999999996 0.04557500198719579
valid_IFr_trained: 0.03094476182260272 0.0573075 0.08367023817739727
accuracy_retrained: 0.7871806873064588 0.8303853830799939 0.8735900788535289
IFr_retrained: -0.006252721661039594 0.016625 0.039502721661039596
valid_IFr_retrained: 0.0071735855191897464 0.037809999999999996 0.06844641448081025
