validity: 0.75 0.75 0.75
average_pairwise_L0_distance: 10.928583542466349 10.972071111551909 11.015558680637469
average_pairwise_L1_distance: 3.821887387155042 3.85784966559027 3.8938119440254977
average_pairwise_binned_L0_distance: 9.464528958152833 9.578669722333405 9.692810486513977
accuracy_trained: 0.8364054418591753 0.8386918470750807 0.8409782522909861
IFr_trained: 0.022445586953262625 0.028002499999999996 0.03355941304673737
valid_IFr_trained: 0.04897087020007485 0.0573075 0.06564412979992515
accuracy_retrained: 0.8323870408310513 0.8366958390910486 0.8410046373510459
IFr_retrained: 0.009006837876432212 0.012510000000000002 0.016013162123567792
valid_IFr_retrained: 0.030353342749096672 0.035762499999999996 0.04117165725090332
