validity: 0.9 0.9 0.9
average_pairwise_L0_distance: 10.696499190407497 10.855067294329896 11.013635398252294
average_pairwise_L1_distance: 3.575623673714131 3.6525054531519885 3.729387232589846
average_pairwise_binned_L0_distance: 9.011771184757832 9.331991933417637 9.652212682077442
accuracy_trained: 0.8314615989387307 0.8386918470750807 0.8459220952114307
IFr_trained: 0.010429998012804205 0.028002499999999996 0.04557500198719579
valid_IFr_trained: 0.03094476182260272 0.0573075 0.08367023817739727
accuracy_retrained: 0.7755810754522111 0.8299247658529095 0.884268456253608
IFr_retrained: 0.00011831602430145 0.011555000000000001 0.022991683975698552
valid_IFr_retrained: 0.008776336120439956 0.0312975 0.05381866387956004
