validity: 0.85 0.85 0.85
average_pairwise_L0_distance: 12.554088640931754 13.062307692307693 13.570526743683631
average_pairwise_L1_distance: 6.212864594228954 6.71694882982779 7.221033065426626
average_pairwise_binned_L0_distance: 11.11442720588892 12.022307692307692 12.930188178726464
accuracy_trained: 0.684665068655616 0.73 0.7753349313443839
IFr_trained: -0.006236836059842862 0.0199075 0.046051836059842866
valid_IFr_trained: -0.007049051725163725 0.0208925 0.048834051725163724
accuracy_retrained: 0.30193819199417243 0.6255 0.9490618080058275
IFr_retrained: -0.01034916092440764 0.0072050000000000005 0.02475916092440764
valid_IFr_retrained: -0.014623143279465239 0.0061425 0.026908143279465238
