validity: 0.6499999999999999 0.6500000000000001 0.6500000000000004
average_pairwise_L0_distance: 12.753039842643954 13.357051282051282 13.96106272145861
average_pairwise_L1_distance: 6.277427824848624 6.97471434510688 7.672000865365135
average_pairwise_binned_L0_distance: 11.42361585607398 12.38051282051282 13.33740978495166
accuracy_trained: 0.684665068655616 0.73 0.7753349313443839
IFr_trained: -0.006236836059842862 0.0199075 0.046051836059842866
valid_IFr_trained: -0.007049051725163725 0.0208925 0.048834051725163724
accuracy_retrained: 0.4158503688116744 0.6855 0.9551496311883256
IFr_retrained: -0.030557046136576282 0.020014999999999998 0.07058704613657628
valid_IFr_retrained: -0.028387471800483698 0.020407500000000002 0.0692024718004837
