validity: 0.2 0.2 0.2
average_pairwise_L0_distance: 13.478077178107956 13.849871794871794 14.221666411635631
average_pairwise_L1_distance: 6.818220793409167 7.337540835860973 7.856860878312779
average_pairwise_binned_L0_distance: 12.090287403604114 12.910512820512821 13.730738237421528
accuracy_trained: 0.684665068655616 0.73 0.7753349313443839
IFr_trained: -0.006236836059842862 0.0199075 0.046051836059842866
valid_IFr_trained: -0.007049051725163725 0.0208925 0.048834051725163724
accuracy_retrained: 0.6433888297655717 0.7100000000000001 0.7766111702344285
IFr_retrained: -0.013186495829208418 0.0067150000000000005 0.02661649582920842
valid_IFr_retrained: -0.013614793494738977 0.008020000000000001 0.029654793494738978
