validity: 0.05 0.05 0.05
average_pairwise_L0_distance: 13.326391784082578 13.773717948717948 14.221044113353319
average_pairwise_L1_distance: 6.817797618693161 7.3571313667478835 7.896465114802606
average_pairwise_binned_L0_distance: 11.986687670977572 12.772179487179487 13.557671303381403
accuracy_trained: 0.684665068655616 0.73 0.7753349313443839
IFr_trained: -0.006236836059842862 0.0199075 0.046051836059842866
valid_IFr_trained: -0.007049051725163725 0.0208925 0.048834051725163724
accuracy_retrained: 0.0913998811495545 0.502 0.9126001188504456
IFr_retrained: -0.02409059443784585 0.0076525 0.03939559443784585
valid_IFr_retrained: -0.019227463024200572 0.00688 0.032987463024200574
