validity: 0.9499999999999996 0.9499999999999998 0.9500000000000001
average_pairwise_L0_distance: 12.28304286802912 12.855384615384617 13.427726362740113
average_pairwise_L1_distance: 6.01947269362816 6.534554505825999 7.049636318023838
average_pairwise_binned_L0_distance: 10.845831986267907 11.781538461538462 12.717244936809017
accuracy_trained: 0.684665068655616 0.73 0.7753349313443839
IFr_trained: -0.006236836059842862 0.0199075 0.046051836059842866
valid_IFr_trained: -0.007049051725163725 0.0208925 0.048834051725163724
accuracy_retrained: 0.3095940606605995 0.633 0.9564059393394004
IFr_retrained: -0.01565059995190326 0.004725 0.02510059995190326
valid_IFr_retrained: -0.0192627912180348 0.006055 0.0313727912180348
