validity: 0.25 0.25 0.25
average_pairwise_L0_distance: 13.39494752476365 13.79653846153846 14.198129398313272
average_pairwise_L1_distance: 6.779597523660437 7.282806192299401 7.786014860938366
average_pairwise_binned_L0_distance: 11.954834325048875 12.825641025641024 13.696447726233174
accuracy_trained: 0.684665068655616 0.73 0.7753349313443839
IFr_trained: -0.006236836059842862 0.0199075 0.046051836059842866
valid_IFr_trained: -0.007049051725163725 0.0208925 0.048834051725163724
accuracy_retrained: 0.21988319029105569 0.5884999999999999 0.9571168097089442
IFr_retrained: -0.01161954832509104 0.0048000000000000004 0.021219548325091042
valid_IFr_retrained: -0.011272331089098586 0.0038874999999999995 0.019047331089098583
