validity: 0.8 0.8 0.8
average_pairwise_L0_distance: 12.752511982094907 13.158461538461541 13.564411094828175
average_pairwise_L1_distance: 6.34549559250381 6.819797497499986 7.294099402496163
average_pairwise_binned_L0_distance: 11.363196969468406 12.111923076923077 12.860649184377747
accuracy_trained: 0.684665068655616 0.73 0.7753349313443839
IFr_trained: -0.006236836059842862 0.0199075 0.046051836059842866
valid_IFr_trained: -0.007049051725163725 0.0208925 0.048834051725163724
accuracy_retrained: 0.19708197466471178 0.5775 0.9579180253352882
IFr_retrained: -0.014453595099116333 0.0049225 0.024298595099116332
valid_IFr_retrained: -0.015806938378571667 0.0051325 0.026071938378571663
