validity: 0.15 0.15 0.15
average_pairwise_L0_distance: 10.87944147948272 10.922032679576505 10.96462387967029
average_pairwise_L1_distance: 3.9315592970929547 4.053515971710481 4.175472646328007
average_pairwise_binned_L0_distance: 9.435465582191753 9.683234331147846 9.931003080103938
accuracy_trained: 0.8334451450047397 0.8414709043451559 0.8494966636855722
IFr_trained: 0.00842201917562813 0.01365 0.018877980824371872
valid_IFr_trained: 0.03780662889195252 0.04876875 0.05973087110804748
accuracy_retrained: 0.7032838194196558 0.7995163519115616 0.8957488844034673
IFr_retrained: -0.00444793609309788 0.0044937499999999995 0.013435436093097879
valid_IFr_retrained: -0.010905281094695919 0.01113125 0.03316778109469592
