validity: 0.6 0.6 0.6
average_pairwise_L0_distance: 10.76162317978677 10.793770536902372 10.825917894017973
average_pairwise_L1_distance: 3.6962716237291655 3.72505906477818 3.7538465058271946
average_pairwise_binned_L0_distance: 9.183250222082052 9.350935886491662 9.518621550901273
accuracy_trained: 0.8334451450047397 0.8414709043451559 0.8494966636855722
IFr_trained: 0.00842201917562813 0.01365 0.018877980824371872
valid_IFr_trained: 0.03780662889195252 0.04876875 0.05973087110804748
accuracy_retrained: 0.8354029521222803 0.8419699063411639 0.8485368605600474
IFr_retrained: 0.004171644522670378 0.0079625 0.011753355477329624
valid_IFr_retrained: 0.01806647674711285 0.023125 0.02818352325288715
