validity: 0.35 0.35 0.35
average_pairwise_L0_distance: 10.842366927169584 10.884529624500118 10.926692321830652
average_pairwise_L1_distance: 3.8544209606334627 3.957408912463091 4.060396864292719
average_pairwise_binned_L0_distance: 9.360062889287502 9.584759921176078 9.809456953064654
accuracy_trained: 0.8334451450047397 0.8414709043451559 0.8494966636855722
IFr_trained: 0.00842201917562813 0.01365 0.018877980824371872
valid_IFr_trained: 0.03780662889195252 0.04876875 0.05973087110804748
accuracy_retrained: 0.8334866261708398 0.8416244434208506 0.8497622606708615
IFr_retrained: 0.005484552584142793 0.0092 0.012915447415857206
valid_IFr_retrained: 0.019243964745073266 0.02344375 0.027643535254926733
