validity: 0.9 0.9 0.9
average_pairwise_L0_distance: 10.601513251569804 10.631088162125081 10.660663072680359
average_pairwise_L1_distance: 3.312620380154954 3.3392168980722374 3.3658134159895208
average_pairwise_binned_L0_distance: 8.81309974005148 8.963954231118446 9.114808722185412
accuracy_trained: 0.8334451450047397 0.8414709043451559 0.8494966636855722
IFr_trained: 0.00842201917562813 0.01365 0.018877980824371872
valid_IFr_trained: 0.03780662889195252 0.04876875 0.05973087110804748
accuracy_retrained: 0.8365112403273435 0.8433517580224168 0.8501922757174901
IFr_retrained: 0.008007879907913577 0.012924999999999999 0.01784212009208642
valid_IFr_retrained: 0.019655964917188812 0.020675 0.021694035082811185
