validity: 0.8 0.8 0.8
average_pairwise_L0_distance: 10.668773459587287 10.6978494033303 10.726925347073314
average_pairwise_L1_distance: 3.4605819080477214 3.488378404261274 3.516174900474827
average_pairwise_binned_L0_distance: 8.949063267028391 9.114691404815627 9.280319542602863
accuracy_trained: 0.8334451450047397 0.8414709043451559 0.8494966636855722
IFr_trained: 0.00842201917562813 0.01365 0.018877980824371872
valid_IFr_trained: 0.03780662889195252 0.04876875 0.05973087110804748
accuracy_retrained: 0.7171995483269635 0.7972516505450638 0.877303752763164
IFr_retrained: -0.00472858362385095 0.00486875 0.01446608362385095
valid_IFr_retrained: -0.010921041286115186 0.011362500000000001 0.03364604128611519
