validity: 0.75 0.75 0.75
average_pairwise_L0_distance: 10.688823251505367 10.722110547127283 10.755397842749199
average_pairwise_L1_distance: 3.516925750369415 3.5456803823087237 3.5744350142480323
average_pairwise_binned_L0_distance: 9.007309154122252 9.173507086006158 9.339705017890063
accuracy_trained: 0.8334451450047397 0.8414709043451559 0.8494966636855722
IFr_trained: 0.00842201917562813 0.01365 0.018877980824371872
valid_IFr_trained: 0.03780662889195252 0.04876875 0.05973087110804748
accuracy_retrained: 0.8398827748200998 0.8429295255642562 0.8459762763084125
IFr_retrained: 0.006472525767835079 0.0076124999999999995 0.008752474232164919
valid_IFr_retrained: 0.013928366054047257 0.02021875 0.026509133945952744
