validity: 0.55 0.55 0.55
average_pairwise_L0_distance: 10.77556116616974 10.81321971400943 10.850878261849118
average_pairwise_L1_distance: 3.672322358115838 3.7606729904570533 3.8490236227982684
average_pairwise_binned_L0_distance: 9.18339529515525 9.39549926737202 9.60760323958879
accuracy_trained: 0.8334451450047397 0.8414709043451559 0.8494966636855722
IFr_trained: 0.00842201917562813 0.01365 0.018877980824371872
valid_IFr_trained: 0.03780662889195252 0.04876875 0.05973087110804748
accuracy_retrained: 0.7531824719915224 0.8187087363734071 0.8842350007552918
IFr_retrained: -0.0009221890007354216 0.0064062500000000005 0.013734689000735423
valid_IFr_retrained: -0.0024703996646233024 0.01398125 0.030432899664623304
