validity: 0.5 0.5 0.5
average_pairwise_L0_distance: 10.798958410941987 10.834093412723995 10.869228414506003
average_pairwise_L1_distance: 3.745001667059276 3.814246111314017 3.8834905555687578
average_pairwise_binned_L0_distance: 9.249101750786513 9.447888661799798 9.646675572813082
accuracy_trained: 0.8334451450047397 0.8414709043451559 0.8494966636855722
IFr_trained: 0.00842201917562813 0.01365 0.018877980824371872
valid_IFr_trained: 0.03780662889195252 0.04876875 0.05973087110804748
accuracy_retrained: 0.833279903263954 0.8387072009826502 0.8441344987013464
IFr_retrained: 0.0034539693683081317 0.01235 0.021246030631691868
valid_IFr_retrained: 0.018312918496112586 0.020706250000000002 0.02309958150388742
