validity: 0.7 0.7 0.7
average_pairwise_L0_distance: 10.716646840344515 10.753314241319746 10.789981642294977
average_pairwise_L1_distance: 3.5522244607712095 3.618136615649589 3.6840487705279683
average_pairwise_binned_L0_distance: 9.058501302167386 9.23986216439912 9.421223026630855
accuracy_trained: 0.8334451450047397 0.8414709043451559 0.8494966636855722
IFr_trained: 0.00842201917562813 0.01365 0.018877980824371872
valid_IFr_trained: 0.03780662889195252 0.04876875 0.05973087110804748
accuracy_retrained: 0.8288981418483806 0.8394748963611238 0.850051650873867
IFr_retrained: 0.005492290225981417 0.00979375 0.014095209774018583
valid_IFr_retrained: 0.013018665036829708 0.01905625 0.025093834963170292
