validity: 0.0 0.0 0.0
average_pairwise_L0_distance: 10.874914255706576 10.931097843913047 10.987281432119518
average_pairwise_L1_distance: 3.9401851217683963 4.09999252351381 4.259799925259224
average_pairwise_binned_L0_distance: 9.437931753303344 9.732011356028863 10.026090958754382
accuracy_trained: 0.8334451450047397 0.8414709043451559 0.8494966636855722
IFr_trained: 0.00842201917562813 0.01365 0.018877980824371872
valid_IFr_trained: 0.03780662889195252 0.04876875 0.05973087110804748
accuracy_retrained: 0.7528808469842776 0.8159834177798251 0.8790859885753726
IFr_retrained: -0.0016334716186860191 0.00725 0.01613347161868602
valid_IFr_retrained: -0.004116706906065682 0.01923125 0.042579206906065675
