validity: 0.2 0.2 0.2
average_pairwise_L0_distance: 10.86974819584813 10.91848938132194 10.96723056679575
average_pairwise_L1_distance: 3.944157070232368 4.041783328174408 4.139409586116448
average_pairwise_binned_L0_distance: 9.426194289636545 9.67649043451156 9.926786579386576
accuracy_trained: 0.8334451450047397 0.8414709043451559 0.8494966636855722
IFr_trained: 0.00842201917562813 0.01365 0.018877980824371872
valid_IFr_trained: 0.03780662889195252 0.04876875 0.05973087110804748
accuracy_retrained: 0.7526758905221089 0.8223936741900814 0.8921114578580538
IFr_retrained: -0.0017575493707703135 0.00758125 0.016920049370770313
valid_IFr_retrained: -0.00300012089103463 0.01754375 0.03808762089103463
