validity: 0.25 0.25 0.25
average_pairwise_L0_distance: 10.856369500847906 10.905119363457862 10.953869226067818
average_pairwise_L1_distance: 3.89465179572658 3.9982551269253372 4.101858458124094
average_pairwise_binned_L0_distance: 9.40238426584503 9.631961589277301 9.861538912709573
accuracy_trained: 0.8334451450047397 0.8414709043451559 0.8494966636855722
IFr_trained: 0.00842201917562813 0.01365 0.018877980824371872
valid_IFr_trained: 0.03780662889195252 0.04876875 0.05973087110804748
accuracy_retrained: 0.8370411436594981 0.84120221096269 0.8453632782658819
IFr_retrained: 0.001918484920026573 0.00695 0.011981515079973425
valid_IFr_retrained: 0.013646680769100004 0.021056250000000002 0.0284658192309
