validity: 1.0 1.0 1.0
average_pairwise_L0_distance: 10.534722081892982 10.564806582671252 10.594891083449523
average_pairwise_L1_distance: 3.17212934516135 3.1903855964538144 3.2086418477462786
average_pairwise_binned_L0_distance: 8.685451512854632 8.80803375874165 8.93061600462867
accuracy_trained: 0.8334451450047397 0.8414709043451559 0.8494966636855722
IFr_trained: 0.00842201917562813 0.01365 0.018877980824371872
valid_IFr_trained: 0.03780662889195252 0.04876875 0.05973087110804748
accuracy_retrained: 0.8317628478762334 0.8406264394288345 0.8494900309814356
IFr_retrained: 0.009862109045692721 0.01345 0.01703789095430728
valid_IFr_retrained: 0.011059736644462779 0.01925625 0.02745276335553722
