validity: 0.45 0.45 0.45
average_pairwise_L0_distance: 10.810819274042379 10.854474461922827 10.898129649803275
average_pairwise_L1_distance: 3.785679318254224 3.8721564134453805 3.958633508636537
average_pairwise_binned_L0_distance: 9.2949607345167 9.507390923441852 9.719821112367004
accuracy_trained: 0.8334451450047397 0.8414709043451559 0.8494966636855722
IFr_trained: 0.00842201917562813 0.01365 0.018877980824371872
valid_IFr_trained: 0.03780662889195252 0.04876875 0.05973087110804748
accuracy_retrained: 0.8306472985518175 0.8395516658989713 0.8484560332461252
IFr_retrained: 0.004971371543698828 0.01345 0.021928628456301173
valid_IFr_retrained: 0.0168097619739326 0.023587499999999997 0.030365238026067394
