validity: 0.95 0.95 0.95
average_pairwise_L0_distance: 10.574301202750492 10.602360998452095 10.630420794153698
average_pairwise_L1_distance: 3.257909433404248 3.275825057942108 3.293740682479968
average_pairwise_binned_L0_distance: 8.762178147078803 8.898462248701518 9.034746350324234
accuracy_trained: 0.8334451450047397 0.8414709043451559 0.8494966636855722
IFr_trained: 0.00842201917562813 0.01365 0.018877980824371872
valid_IFr_trained: 0.03780662889195252 0.04876875 0.05973087110804748
accuracy_retrained: 0.8318263016401547 0.8411638261937664 0.8505013507473781
IFr_retrained: 0.003828660513515157 0.014437499999999999 0.02504633948648484
valid_IFr_retrained: 0.01492450646426901 0.0200875 0.025250493535730993
