validity: 0.85 0.85 0.85
average_pairwise_L0_distance: 10.6321778166074 10.662603857838292 10.693029899069183
average_pairwise_L1_distance: 3.383706667392631 3.410676743848949 3.4376468203052672
average_pairwise_binned_L0_distance: 8.886685472976826 9.029966609638574 9.173247746300323
accuracy_trained: 0.8334451450047397 0.8414709043451559 0.8494966636855722
IFr_trained: 0.00842201917562813 0.01365 0.018877980824371872
valid_IFr_trained: 0.03780662889195252 0.04876875 0.05973087110804748
accuracy_retrained: 0.8258306002695099 0.83548288039306 0.84513516051661
IFr_retrained: 0.003959833706522533 0.015106250000000002 0.026252666293477472
valid_IFr_retrained: 0.015549737252605693 0.024 0.03245026274739431
