validity: 0.05 0.05 0.05
average_pairwise_L0_distance: 10.87793772998784 10.93380343136734 10.989669132746839
average_pairwise_L1_distance: 3.957736269590338 4.091194107275963 4.224651944961588
average_pairwise_binned_L0_distance: 9.456431511204165 9.731259246402685 10.006086981601204
accuracy_trained: 0.8334451450047397 0.8414709043451559 0.8494966636855722
IFr_trained: 0.00842201917562813 0.01365 0.018877980824371872
valid_IFr_trained: 0.03780662889195252 0.04876875 0.05973087110804748
accuracy_retrained: 0.8284617481187705 0.8367879625364655 0.8451141769541605
IFr_retrained: 0.004186628388662311 0.007287500000000001 0.01038837161133769
valid_IFr_retrained: 0.01902041228947824 0.02433125 0.029642087710521757
