validity: 0.4 0.4 0.4
average_pairwise_L0_distance: 10.826933492120387 10.872964315527108 10.918995138933829
average_pairwise_L1_distance: 3.825323957926151 3.9067588388145014 3.988193719702852
average_pairwise_binned_L0_distance: 9.326665193964763 9.548093986547038 9.769522779129312
accuracy_trained: 0.8334451450047397 0.8414709043451559 0.8494966636855722
IFr_trained: 0.00842201917562813 0.01365 0.018877980824371872
valid_IFr_trained: 0.03780662889195252 0.04876875 0.05973087110804748
accuracy_retrained: 0.8338577939687966 0.8426608321817903 0.8514638703947841
IFr_retrained: 0.00581207859413538 0.00815 0.010487921405864619
valid_IFr_retrained: 0.014786822560983754 0.01983125 0.02487567743901625
