validity: 0.3 0.3 0.3
average_pairwise_L0_distance: 10.850544455473088 10.894308230346265 10.938072005219443
average_pairwise_L1_distance: 3.8751454760791226 3.984411795421668 4.093678114764213
average_pairwise_binned_L0_distance: 9.377068506060803 9.61464122481702 9.852213943573238
accuracy_trained: 0.8334451450047397 0.8414709043451559 0.8494966636855722
IFr_trained: 0.00842201917562813 0.01365 0.018877980824371872
valid_IFr_trained: 0.03780662889195252 0.04876875 0.05973087110804748
accuracy_retrained: 0.739190911099843 0.8195532012897282 0.8999154914796134
IFr_retrained: -0.000723020006460494 0.0054375 0.011598020006460492
valid_IFr_retrained: -0.0029709649796513214 0.016225 0.03542096497965132
