validity: 0.65 0.65 0.65
average_pairwise_L0_distance: 10.74152896012417 10.772928422069283 10.804327884014397
average_pairwise_L1_distance: 3.6169658287601334 3.6752806974622483 3.733595566164363
average_pairwise_binned_L0_distance: 9.116116271234745 9.291474654377879 9.466833037521013
accuracy_trained: 0.8334451450047397 0.8414709043451559 0.8494966636855722
IFr_trained: 0.00842201917562813 0.01365 0.018877980824371872
valid_IFr_trained: 0.03780662889195252 0.04876875 0.05973087110804748
accuracy_retrained: 0.8347771789064502 0.8414709043451558 0.8481646297838614
IFr_retrained: 0.006628178156996451 0.009175 0.011721821843003551
valid_IFr_retrained: 0.01057410731237194 0.0166125 0.022650892687628058
