validity: 0.1 0.1 0.1
average_pairwise_L0_distance: 10.865541352755443 10.927702429066144 10.989863505376846
average_pairwise_L1_distance: 3.9533245701255013 4.065151336964621 4.17697810380374
average_pairwise_binned_L0_distance: 9.411456452380538 9.700884702893084 9.990312953405631
accuracy_trained: 0.8334451450047397 0.8414709043451559 0.8494966636855722
IFr_trained: 0.00842201917562813 0.01365 0.018877980824371872
valid_IFr_trained: 0.03780662889195252 0.04876875 0.05973087110804748
accuracy_retrained: 0.8311955895043308 0.8401658222017503 0.8491360548991698
IFr_retrained: 0.005192525281984245 0.008074999999999999 0.010957474718015753
valid_IFr_retrained: 0.017338559366771228 0.02415 0.030961440633228775
