validity: 0.9 0.9 0.9
average_pairwise_L0_distance: 9.43124286210624 10.537023983677923 11.642805105249606
average_pairwise_L1_distance: 2.8290851558074337 3.4600608631730125 4.091036570538591
average_pairwise_binned_L0_distance: 7.323877516474073 8.764992779983729 10.206108043493385
accuracy_trained: 0.8041024298445527 0.833578995854445 0.8630555618643372
IFr_trained: 0.019607113917191617 0.075465 0.1313228860828084
valid_IFr_trained: 0.03957094317056338 0.13575 0.23192905682943665
accuracy_retrained: 0.783346341078662 0.8313066175341624 0.8792668939896627
IFr_retrained: 0.000553996304071401 0.04457 0.08858600369592859
valid_IFr_retrained: 0.024084417300098193 0.0904875 0.1568905826999018
