validity: 0.1499999999999999 0.14999999999999997 0.15000000000000002
average_pairwise_L0_distance: 9.671293674157118 10.865685263964505 12.060076853771891
average_pairwise_L1_distance: 2.9821022470927696 3.9811524357928514 4.980202624492933
average_pairwise_binned_L0_distance: 7.706312701593417 9.46089478612104 11.215476870648663
accuracy_trained: 0.8041024298445527 0.833578995854445 0.8630555618643372
IFr_trained: 0.019607113917191617 0.075465 0.1313228860828084
valid_IFr_trained: 0.03957094317056338 0.13575 0.23192905682943665
accuracy_retrained: 0.744596829437549 0.8128665745432212 0.8811363196488934
IFr_retrained: -0.018167426659428994 0.0266475 0.071462426659429
valid_IFr_retrained: -0.026407080756941745 0.06321249999999999 0.1528320807569417
