validity: 0.5 0.5 0.5
average_pairwise_L0_distance: 9.651102899329716 10.7830455362825 11.914988173235285
average_pairwise_L1_distance: 3.042607028059109 3.867547520372537 4.692488012685965
average_pairwise_binned_L0_distance: 7.748379485444469 9.314916919632896 10.881454353821322
accuracy_trained: 0.8041024298445527 0.833578995854445 0.8630555618643372
IFr_trained: 0.019607113917191617 0.075465 0.1313228860828084
valid_IFr_trained: 0.03957094317056338 0.13575 0.23192905682943665
accuracy_retrained: 0.7470130665428171 0.8156302779057271 0.884247489268637
IFr_retrained: -0.020876072813082 0.032827499999999996 0.08653107281308199
valid_IFr_retrained: -0.02394472718005368 0.065155 0.15425472718005367
