validity: 0.4 0.4 0.4
average_pairwise_L0_distance: 9.668285713482828 10.824609688163777 11.980933662844727
average_pairwise_L1_distance: 3.026613973884003 3.927839690289157 4.829065406694311
average_pairwise_binned_L0_distance: 7.794607606643778 9.405221789690312 11.015835972736847
accuracy_trained: 0.8041024298445527 0.833578995854445 0.8630555618643372
IFr_trained: 0.019607113917191617 0.075465 0.1313228860828084
valid_IFr_trained: 0.03957094317056338 0.13575 0.23192905682943665
accuracy_retrained: 0.8296879637601388 0.8382926454782742 0.8468973271964096
IFr_retrained: 0.0170974970686307 0.04103 0.06496250293136929
valid_IFr_retrained: 0.060108326806388473 0.09028749999999999 0.12046667319361151
