validity: 0.35 0.35 0.35
average_pairwise_L0_distance: 9.712003747511229 10.846508121485186 11.981012495459144
average_pairwise_L1_distance: 3.0448407568732914 3.9493870141445186 4.853933271415746
average_pairwise_binned_L0_distance: 7.829875825580712 9.443043340169622 11.056210854758532
accuracy_trained: 0.8041024298445527 0.833578995854445 0.8630555618643372
IFr_trained: 0.019607113917191617 0.075465 0.1313228860828084
valid_IFr_trained: 0.03957094317056338 0.13575 0.23192905682943665
accuracy_retrained: 0.7788144719796865 0.8296023337939505 0.8803901956082146
IFr_retrained: -0.00021247471684314456 0.031502499999999996 0.06321747471684314
valid_IFr_retrained: 0.0189533367962241 0.07957 0.1401866632037759
