validity: 0.55 0.55 0.55
average_pairwise_L0_distance: 9.65623448626198 10.77334946177524 11.8904644372885
average_pairwise_L1_distance: 3.0474594555676098 3.843358203806795 4.639256952045979
average_pairwise_binned_L0_distance: 7.761857253298566 9.292029172880131 10.822201092461697
accuracy_trained: 0.8041024298445527 0.833578995854445 0.8630555618643372
IFr_trained: 0.019607113917191617 0.075465 0.1313228860828084
valid_IFr_trained: 0.03957094317056338 0.13575 0.23192905682943665
accuracy_retrained: 0.8165017396033741 0.8377706126209119 0.8590394856384497
IFr_retrained: -0.017446392244694596 0.0447175 0.10688139224469459
valid_IFr_retrained: 0.03776073463952312 0.09511500000000002 0.15246926536047692
