validity: 1.0 1.0 1.0
average_pairwise_L0_distance: 9.324577962578008 10.44372696885652 11.562875975135032
average_pairwise_L1_distance: 2.7367665463917676 3.3048372288171706 3.8729079112425735
average_pairwise_binned_L0_distance: 7.121847583679417 8.55003713319897 9.978226682718523
accuracy_trained: 0.8041024298445527 0.833578995854445 0.8630555618643372
IFr_trained: 0.019607113917191617 0.075465 0.1313228860828084
valid_IFr_trained: 0.03957094317056338 0.13575 0.23192905682943665
accuracy_retrained: 0.7246734674875941 0.7965300168892984 0.8683865662910026
IFr_retrained: -0.043296558302399805 0.025292500000000002 0.0938815583023998
valid_IFr_retrained: -0.05765115265217777 0.038697499999999996 0.13504615265217776
