validity: 0.25 0.25 0.25
average_pairwise_L0_distance: 9.651821309523026 10.850665977134451 12.049510644745876
average_pairwise_L1_distance: 3.0071607602060224 3.9647724930495314 4.92238422589304
average_pairwise_binned_L0_distance: 7.759700022044616 9.456645779980189 11.153591537915762
accuracy_trained: 0.8041024298445527 0.833578995854445 0.8630555618643372
IFr_trained: 0.019607113917191617 0.075465 0.1313228860828084
valid_IFr_trained: 0.03957094317056338 0.13575 0.23192905682943665
accuracy_retrained: 0.8203993038416995 0.8379241516966067 0.855448999551514
IFr_retrained: -0.031866669647145913 0.05213249999999999 0.1361316696471459
valid_IFr_retrained: 0.05032236351244628 0.098575 0.1468276364875537
