validity: 0.75 0.75 0.75
average_pairwise_L0_distance: 9.545841783333785 10.654298418680657 11.76275505402753
average_pairwise_L1_distance: 2.94876102595995 3.6500979739450288 4.351434921930108
average_pairwise_binned_L0_distance: 7.531640973471912 9.026022402712789 10.520403831953665
accuracy_trained: 0.8041024298445527 0.833578995854445 0.8630555618643372
IFr_trained: 0.019607113917191617 0.075465 0.1313228860828084
valid_IFr_trained: 0.03957094317056338 0.13575 0.23192905682943665
accuracy_retrained: 0.7849241322005929 0.8307999385843697 0.8766757449681466
IFr_retrained: -0.010144333787417775 0.051205 0.11255433378741778
valid_IFr_retrained: 0.0039949143071124765 0.0858825 0.16777008569288754
