validity: 0.7 0.7 0.7
average_pairwise_L0_distance: 13.11515828404468 13.439358974358973 13.763559664673265
average_pairwise_L1_distance: 7.185325057578534 7.5245626591859605 7.863800260793387
average_pairwise_binned_L0_distance: 12.655338516014362 12.951025641025641 13.24671276603692
accuracy_trained: 0.7032215403459041 0.7610000000000001 0.8187784596540961
IFr_trained: 0.16194336006146112 0.22254749999999998 0.28315163993853887
valid_IFr_trained: 0.1291554863502674 0.15774250000000004 0.18632951364973266
accuracy_retrained: 0.7026046399154185 0.7645000000000001 0.8263953600845816
IFr_retrained: 0.07744530006701067 0.1681025 0.2587596999329893
valid_IFr_retrained: 0.10078869944030372 0.147305 0.19382130055969626
