validity: 0.85 0.85 0.85
average_pairwise_L0_distance: 12.641537111891589 13.075128205128204 13.508719298364818
average_pairwise_L1_distance: 6.789156026828342 7.24623074298753 7.703305459146717
average_pairwise_binned_L0_distance: 12.102073342423424 12.564230769230772 13.02638819603812
accuracy_trained: 0.7032215403459041 0.7610000000000001 0.8187784596540961
IFr_trained: 0.16194336006146112 0.22254749999999998 0.28315163993853887
valid_IFr_trained: 0.1291554863502674 0.15774250000000004 0.18632951364973266
accuracy_retrained: 0.71944 0.7655 0.81156
IFr_retrained: 0.10327180472073082 0.18798750000000003 0.27270319527926923
valid_IFr_retrained: 0.0987341232671267 0.163215 0.22769587673287328
