validity: 0.6499999999999999 0.6500000000000001 0.6500000000000004
average_pairwise_L0_distance: 13.172356990375727 13.533461538461538 13.894566086547348
average_pairwise_L1_distance: 7.018473194211461 7.594937731700173 8.171402269188885
average_pairwise_binned_L0_distance: 12.671136987293321 13.053205128205127 13.435273269116932
accuracy_trained: 0.7032215403459041 0.7610000000000001 0.8187784596540961
IFr_trained: 0.16194336006146112 0.22254749999999998 0.28315163993853887
valid_IFr_trained: 0.1291554863502674 0.15774250000000004 0.18632951364973266
accuracy_retrained: 0.6928222950717581 0.756 0.8191777049282419
IFr_retrained: 0.11257458573107443 0.18201499999999998 0.25145541426892554
valid_IFr_retrained: 0.10599079042701226 0.16035 0.21470920957298772
