validity: 0.55 0.55 0.55
average_pairwise_L0_distance: 13.431796340335685 13.675128205128207 13.918460069920728
average_pairwise_L1_distance: 7.367248921873803 7.687984234719527 8.00871954756525
average_pairwise_binned_L0_distance: 12.971589682401587 13.202820512820514 13.43405134323944
accuracy_trained: 0.7032215403459041 0.7610000000000001 0.8187784596540961
IFr_trained: 0.16194336006146112 0.22254749999999998 0.28315163993853887
valid_IFr_trained: 0.1291554863502674 0.15774250000000004 0.18632951364973266
accuracy_retrained: 0.72336 0.7655000000000001 0.8076400000000001
IFr_retrained: 0.10720399435145775 0.185865 0.26452600564854223
valid_IFr_retrained: 0.0994641551454901 0.1718025 0.24414084485450988
