validity: 0.45 0.45 0.45
average_pairwise_L0_distance: 13.573867174050104 13.87179487179487 14.169722569539637
average_pairwise_L1_distance: 7.4897224824187925 7.82475075000414 8.15977901758949
average_pairwise_binned_L0_distance: 13.084670913044228 13.404743589743589 13.72481626644295
accuracy_trained: 0.7032215403459041 0.7610000000000001 0.8187784596540961
IFr_trained: 0.16194336006146112 0.22254749999999998 0.28315163993853887
valid_IFr_trained: 0.1291554863502674 0.15774250000000004 0.18632951364973266
accuracy_retrained: 0.6945291910321589 0.7585 0.822470808967841
IFr_retrained: 0.07430437663227757 0.18216000000000002 0.29001562336772246
valid_IFr_retrained: 0.09496375696737297 0.15970999999999996 0.22445624303262696
