validity: 0.2999999999999998 0.29999999999999993 0.30000000000000004
average_pairwise_L0_distance: 13.761450323491923 14.01153846153846 14.261626599584998
average_pairwise_L1_distance: 7.657942689645686 7.893415308924359 8.128887928203032
average_pairwise_binned_L0_distance: 13.35307901073072 13.562820512820512 13.772562014910303
accuracy_trained: 0.7032215403459041 0.7610000000000001 0.8187784596540961
IFr_trained: 0.16194336006146112 0.22254749999999998 0.28315163993853887
valid_IFr_trained: 0.1291554863502674 0.15774250000000004 0.18632951364973266
accuracy_retrained: 0.7160023753158983 0.7645000000000001 0.8129976246841019
IFr_retrained: 0.07742095921305205 0.18131499999999998 0.2852090407869479
valid_IFr_retrained: 0.10887035426926084 0.15888750000000001 0.2089046457307392
