validity: 0.25 0.25 0.25
average_pairwise_L0_distance: 13.73529053703102 14.02217948717949 14.309068437327959
average_pairwise_L1_distance: 7.611869680435098 7.850913249520717 8.089956818606336
average_pairwise_binned_L0_distance: 13.289203960201263 13.556410256410256 13.82361655261925
accuracy_trained: 0.7032215403459041 0.7610000000000001 0.8187784596540961
IFr_trained: 0.16194336006146112 0.22254749999999998 0.28315163993853887
valid_IFr_trained: 0.1291554863502674 0.15774250000000004 0.18632951364973266
accuracy_retrained: 0.7298262322826411 0.764 0.7981737677173589
IFr_retrained: 0.06575118151101744 0.15372249999999998 0.24169381848898253
valid_IFr_retrained: 0.10407900449350102 0.15227749999999998 0.20047599550649894
