validity: 0.05 0.05 0.05
average_pairwise_L0_distance: 13.795784369981263 14.085128205128205 14.374472040275148
average_pairwise_L1_distance: 7.623388871275535 7.938761698959662 8.25413452664379
average_pairwise_binned_L0_distance: 13.28363520260763 13.587051282051283 13.890467361494935
accuracy_trained: 0.7032215403459041 0.7610000000000001 0.8187784596540961
IFr_trained: 0.16194336006146112 0.22254749999999998 0.28315163993853887
valid_IFr_trained: 0.1291554863502674 0.15774250000000004 0.18632951364973266
accuracy_retrained: 0.7064636417112301 0.7655 0.8245363582887698
IFr_retrained: 0.08607111351151808 0.17169250000000003 0.25731388648848197
valid_IFr_retrained: 0.1112396123697941 0.15857749999999998 0.20591538763020586
