validity: 0.9499999999999996 0.9499999999999998 0.9500000000000001
average_pairwise_L0_distance: 12.363787491567551 12.767948717948716 13.17210994432988
average_pairwise_L1_distance: 6.421936421946986 7.0090810266907555 7.596225631434525
average_pairwise_binned_L0_distance: 11.773776796177799 12.195897435897438 12.618018075617076
accuracy_trained: 0.7032215403459041 0.7610000000000001 0.8187784596540961
IFr_trained: 0.16194336006146112 0.22254749999999998 0.28315163993853887
valid_IFr_trained: 0.1291554863502674 0.15774250000000004 0.18632951364973266
accuracy_retrained: 0.7024496688163553 0.7645000000000001 0.8265503311836448
IFr_retrained: 0.13576779559576782 0.21476 0.2937522044042322
valid_IFr_retrained: 0.10326789488915142 0.159015 0.21476210511084856
