validity: 0.0 0.0 0.0
average_pairwise_L0_distance: 13.663502778087688 14.048974358974359 14.43444593986103
average_pairwise_L1_distance: 7.6530359932451075 7.909882104321023 8.166728215396938
average_pairwise_binned_L0_distance: 13.250330054218157 13.573717948717947 13.897105843217737
accuracy_trained: 0.7032215403459041 0.7610000000000001 0.8187784596540961
IFr_trained: 0.16194336006146112 0.22254749999999998 0.28315163993853887
valid_IFr_trained: 0.1291554863502674 0.15774250000000004 0.18632951364973266
accuracy_retrained: 0.7060368928905539 0.7649999999999999 0.8239631071094459
IFr_retrained: 0.09985311934785891 0.17777 0.2556868806521411
valid_IFr_retrained: 0.10052742182639414 0.150105 0.19968257817360585
