validity: 0.4 0.4 0.4
average_pairwise_L0_distance: 13.729749838516598 13.887307692307692 14.044865546098785
average_pairwise_L1_distance: 7.548037516638189 7.863300961607521 8.178564406576854
average_pairwise_binned_L0_distance: 13.226655351467395 13.423076923076923 13.619498494686452
accuracy_trained: 0.7032215403459041 0.7610000000000001 0.8187784596540961
IFr_trained: 0.16194336006146112 0.22254749999999998 0.28315163993853887
valid_IFr_trained: 0.1291554863502674 0.15774250000000004 0.18632951364973266
accuracy_retrained: 0.7061270614652058 0.7689999999999999 0.831872938534794
IFr_retrained: 0.07774424356480243 0.1704475 0.2631507564351976
valid_IFr_retrained: 0.11717488315548863 0.1596175 0.20206011684451136
