validity: 0.9 0.9 0.9
average_pairwise_L0_distance: 10.14834629289078 10.812035466042309 11.475724639193837
average_pairwise_L1_distance: 3.317494502870361 3.7111164980061826 4.104738493142005
average_pairwise_binned_L0_distance: 8.35947544856829 9.140248668458979 9.921021888349667
accuracy_trained: 0.8358626082836581 0.840818363273453 0.845774118263248
IFr_trained: 0.002776764625389741 0.11081875000000001 0.21886073537461026
valid_IFr_trained: 0.11327955417937058 0.19366875 0.2740579458206294
accuracy_retrained: 0.8324314345462118 0.8367111929986182 0.8409909514510245
IFr_retrained: 0.02077648822447506 0.06351875 0.10626101177552494
valid_IFr_retrained: 0.06505874960271538 0.10934375 0.15362875039728463
