validity: 0.35 0.35 0.35
average_pairwise_L0_distance: 10.633619083714743 11.103319731601946 11.573020379489149
average_pairwise_L1_distance: 3.913257244795217 4.182628057204433 4.45199886961365
average_pairwise_binned_L0_distance: 9.27385615637855 9.786001787588656 10.298147418798763
accuracy_trained: 0.8358626082836581 0.840818363273453 0.845774118263248
IFr_trained: 0.002776764625389741 0.11081875000000001 0.21886073537461026
valid_IFr_trained: 0.11327955417937058 0.19366875 0.2740579458206294
accuracy_retrained: 0.7549347942777559 0.821318900660218 0.88770300704268
IFr_retrained: -0.019183173329675084 0.050756249999999996 0.12069567332967507
valid_IFr_retrained: -0.014092861155210218 0.0804875 0.17506786115521022
