validity: 0.55 0.55 0.55
average_pairwise_L0_distance: 10.504624088515849 11.025200100123858 11.545776111731866
average_pairwise_L1_distance: 3.7709250479763 4.069893609203249 4.368862170430199
average_pairwise_binned_L0_distance: 9.043581273698539 9.609133527205234 10.174685780711929
accuracy_trained: 0.8358626082836581 0.840818363273453 0.845774118263248
IFr_trained: 0.002776764625389741 0.11081875000000001 0.21886073537461026
valid_IFr_trained: 0.11327955417937058 0.19366875 0.2740579458206294
accuracy_retrained: 0.8371688523950552 0.8417395977276216 0.846310343060188
IFr_retrained: 0.016864131358828683 0.046175 0.07548586864117132
valid_IFr_retrained: 0.05959163569366592 0.10989375 0.1601958643063341
