validity: 0.15 0.15 0.15
average_pairwise_L0_distance: 10.756207286659727 11.15639098365785 11.556574680655974
average_pairwise_L1_distance: 4.0151950896322015 4.25465327931692 4.494111469001639
average_pairwise_binned_L0_distance: 9.466248700200902 9.9128910645362 10.359533428871499
accuracy_trained: 0.8358626082836581 0.840818363273453 0.845774118263248
IFr_trained: 0.002776764625389741 0.11081875000000001 0.21886073537461026
valid_IFr_trained: 0.11327955417937058 0.19366875 0.2740579458206294
accuracy_retrained: 0.7334831497791242 0.8183632734530939 0.9032433971270636
IFr_retrained: -0.009835881013519558 0.0319125 0.07366088101351956
valid_IFr_retrained: -0.016032227030520693 0.0961125 0.2082572270305207
