validity: 0.8 0.8 0.8
average_pairwise_L0_distance: 10.286182152167086 10.88960606930035 11.493029986433612
average_pairwise_L1_distance: 3.490109834485451 3.836107763295294 4.182105692105137
average_pairwise_binned_L0_distance: 8.631186824443775 9.3040845928513 9.976982361258825
accuracy_trained: 0.8358626082836581 0.840818363273453 0.845774118263248
IFr_trained: 0.002776764625389741 0.11081875000000001 0.21886073537461026
valid_IFr_trained: 0.11327955417937058 0.19366875 0.2740579458206294
accuracy_retrained: 0.8378244117922776 0.8416628281897742 0.8455012445872708
IFr_retrained: 0.02678317934683983 0.049049999999999996 0.07131682065316017
valid_IFr_retrained: 0.07769290805150007 0.09731875000000001 0.11694459194849995
