validity: 0.2 0.2 0.2
average_pairwise_L0_distance: 10.735840329052431 11.145249548084836 11.55465876711724
average_pairwise_L1_distance: 4.0248549750899665 4.239160355217995 4.453465735346023
average_pairwise_binned_L0_distance: 9.437200252057055 9.87149138497977 10.305782517902484
accuracy_trained: 0.8358626082836581 0.840818363273453 0.845774118263248
IFr_trained: 0.002776764625389741 0.11081875000000001 0.21886073537461026
valid_IFr_trained: 0.11327955417937058 0.19366875 0.2740579458206294
accuracy_retrained: 0.7330289530720152 0.8167894979272224 0.9005500427824297
IFr_retrained: -0.007984047717254885 0.0310375 0.07005904771725488
valid_IFr_retrained: -0.01472400680983045 0.08311249999999999 0.18094900680983045
