validity: 0.0 0.0 0.0
average_pairwise_L0_distance: 10.829548950464014 11.173827942820777 11.51810693517754
average_pairwise_L1_distance: 4.043196113251461 4.259863375392408 4.476530637533355
average_pairwise_binned_L0_distance: 9.507398740281571 9.941995758904588 10.376592777527604
accuracy_trained: 0.8358626082836581 0.840818363273453 0.845774118263248
IFr_trained: 0.002776764625389741 0.11081875000000001 0.21886073537461026
valid_IFr_trained: 0.11327955417937058 0.19366875 0.2740579458206294
accuracy_retrained: 0.7334058320429365 0.8195532012897282 0.9057005705365199
IFr_retrained: -0.004083462371043036 0.02919375 0.062470962371043035
valid_IFr_retrained: -0.013185223831566104 0.09518125000000001 0.2035477238315661
