validity: 0.25 0.25 0.25
average_pairwise_L0_distance: 10.719565931249857 11.135192295658191 11.550818660066525
average_pairwise_L1_distance: 4.015551650915404 4.235316399024652 4.4550811471339
average_pairwise_binned_L0_distance: 9.429792845991487 9.857300186197312 10.284807526403137
accuracy_trained: 0.8358626082836581 0.840818363273453 0.845774118263248
IFr_trained: 0.002776764625389741 0.11081875000000001 0.21886073537461026
valid_IFr_trained: 0.11327955417937058 0.19366875 0.2740579458206294
accuracy_retrained: 0.8372143385852742 0.8412405957316137 0.8452668528779532
IFr_retrained: 0.020416560820000196 0.04304375 0.0656709391799998
valid_IFr_retrained: 0.05827744650953638 0.11944374999999999 0.1806100534904636
