validity: 0.75 0.75 0.75
average_pairwise_L0_distance: 10.317475868117976 10.917908474043953 11.51834107996993
average_pairwise_L1_distance: 3.535316092848015 3.8917014770176483 4.248086861187281
average_pairwise_binned_L0_distance: 8.702840669398881 9.37135235686598 10.039864044333079
accuracy_trained: 0.8358626082836581 0.840818363273453 0.845774118263248
IFr_trained: 0.002776764625389741 0.11081875000000001 0.21886073537461026
valid_IFr_trained: 0.11327955417937058 0.19366875 0.2740579458206294
accuracy_retrained: 0.7543286382097848 0.8223936741900815 0.8904587101703781
IFr_retrained: -0.027819837252207963 0.06398124999999999 0.15578233725220794
valid_IFr_retrained: -0.028943722460507873 0.09411249999999999 0.21716872246050783
