validity: 0.85 0.85 0.85
average_pairwise_L0_distance: 10.226505020082609 10.859885046478485 11.493265072874362
average_pairwise_L1_distance: 3.4101974806756483 3.7808571724208306 4.1515168641660125
average_pairwise_binned_L0_distance: 8.497224812886095 9.230724977005753 9.96422514112541
accuracy_trained: 0.8358626082836581 0.840818363273453 0.845774118263248
IFr_trained: 0.002776764625389741 0.11081875000000001 0.21886073537461026
valid_IFr_trained: 0.11327955417937058 0.19366875 0.2740579458206294
accuracy_retrained: 0.7505938179896607 0.8197835099032704 0.8889732018168801
IFr_retrained: -0.012063040378207247 0.039606249999999996 0.09127554037820723
valid_IFr_retrained: -0.012877425704481749 0.075925 0.16472742570448176
