validity: 0.95 0.95 0.95
average_pairwise_L0_distance: 10.108610600497055 10.782574198507351 11.456537796517647
average_pairwise_L1_distance: 3.2651569787456713 3.6524008527538374 4.0396447267620035
average_pairwise_binned_L0_distance: 8.269243801251934 9.059945321512107 9.85064684177228
accuracy_trained: 0.8358626082836581 0.840818363273453 0.845774118263248
IFr_trained: 0.002776764625389741 0.11081875000000001 0.21886073537461026
valid_IFr_trained: 0.11327955417937058 0.19366875 0.2740579458206294
accuracy_retrained: 0.7509283841903719 0.8212421311223705 0.8915558780543692
IFr_retrained: -0.03540468446699151 0.060700000000000004 0.15680468446699153
valid_IFr_retrained: -0.017287175151288497 0.07345625 0.1641996751512885
