validity: 0.3 0.3 0.3
average_pairwise_L0_distance: 10.657886703098596 11.10918370720384 11.560480711309085
average_pairwise_L1_distance: 3.937032583629673 4.1995666799601405 4.462100776290608
average_pairwise_binned_L0_distance: 9.30111354159875 9.812099814511111 10.323086087423471
accuracy_trained: 0.8358626082836581 0.840818363273453 0.845774118263248
IFr_trained: 0.002776764625389741 0.11081875000000001 0.21886073537461026
valid_IFr_trained: 0.11327955417937058 0.19366875 0.2740579458206294
accuracy_retrained: 0.7502650673459725 0.8226623675725473 0.895059667799122
IFr_retrained: -0.0036088353893005964 0.0265 0.056608835389300595
valid_IFr_retrained: -0.00989522532845609 0.07441874999999999 0.15873272532845606
