validity: 0.05 0.05 0.05
average_pairwise_L0_distance: 10.845350477137215 11.176496338040808 11.507642198944401
average_pairwise_L1_distance: 4.109878545135362 4.2777845902954965 4.445690635455631
average_pairwise_binned_L0_distance: 9.556653628152585 9.950462895728323 10.344272163304062
accuracy_trained: 0.8358626082836581 0.840818363273453 0.845774118263248
IFr_trained: 0.002776764625389741 0.11081875000000001 0.21886073537461026
valid_IFr_trained: 0.11327955417937058 0.19366875 0.2740579458206294
accuracy_retrained: 0.8357171170786396 0.8438507600184246 0.8519844029582097
IFr_retrained: 0.03001128108801744 0.03994375 0.04987621891198256
valid_IFr_retrained: 0.060039159149089645 0.11240625 0.16477334085091036
