validity: 1.0 1.0 1.0
average_pairwise_L0_distance: 10.047559131410845 10.7435654482963 11.439571765181755
average_pairwise_L1_distance: 3.1744102348206145 3.5793743305617216 3.9843384263028288
average_pairwise_binned_L0_distance: 8.136827248665293 8.968775053102245 9.800722857539197
accuracy_trained: 0.8358626082836581 0.840818363273453 0.845774118263248
IFr_trained: 0.002776764625389741 0.11081875000000001 0.21886073537461026
valid_IFr_trained: 0.11327955417937058 0.19366875 0.2740579458206294
accuracy_retrained: 0.75463506428012 0.8233532934131736 0.8920715225462273
IFr_retrained: -0.012514042121082258 0.043325 0.09916404212108226
valid_IFr_retrained: -0.017504203014799116 0.08165 0.1808042030147991
