validity: 0.1 0.1 0.1
average_pairwise_L0_distance: 10.771440897797838 11.160821877534827 11.550202857271817
average_pairwise_L1_distance: 4.042559344878256 4.272109348906803 4.50165935293535
average_pairwise_binned_L0_distance: 9.470630083826721 9.917483419938108 10.364336756049495
accuracy_trained: 0.8358626082836581 0.840818363273453 0.845774118263248
IFr_trained: 0.002776764625389741 0.11081875000000001 0.21886073537461026
valid_IFr_trained: 0.11327955417937058 0.19366875 0.2740579458206294
accuracy_retrained: 0.8391874635247911 0.843812375249501 0.848437286974211
IFr_retrained: 0.01588277645843838 0.04995625 0.08402972354156163
valid_IFr_retrained: 0.08488438754191945 0.12588749999999999 0.1668906124580805
