validity: 0.45 0.45 0.45
average_pairwise_L0_distance: 10.558459016432275 11.063553558588396 11.568648100744516
average_pairwise_L1_distance: 3.8537074510418465 4.143541022637967 4.433374594234087
average_pairwise_binned_L0_distance: 9.163148164099285 9.710951400966525 10.258754637833766
accuracy_trained: 0.8358626082836581 0.840818363273453 0.845774118263248
IFr_trained: 0.002776764625389741 0.11081875000000001 0.21886073537461026
valid_IFr_trained: 0.11327955417937058 0.19366875 0.2740579458206294
accuracy_retrained: 0.8357991198070885 0.8430446798710273 0.850290239934966
IFr_retrained: 0.035484769579081664 0.04504375 0.05460273042091834
valid_IFr_retrained: 0.06681292536457453 0.10691875 0.14702457463542548
