validity: 0.7 0.7 0.7
average_pairwise_L0_distance: 10.370666713909449 10.947803650978628 11.524940588047807
average_pairwise_L1_distance: 3.6126516692447295 3.9392110614620943 4.265770453679459
average_pairwise_binned_L0_distance: 8.816106890468587 9.447947401915814 10.07978791336304
accuracy_trained: 0.8358626082836581 0.840818363273453 0.845774118263248
IFr_trained: 0.002776764625389741 0.11081875000000001 0.21886073537461026
valid_IFr_trained: 0.11327955417937058 0.19366875 0.2740579458206294
accuracy_retrained: 0.8357050177216537 0.8434285275602642 0.8511520373988747
IFr_retrained: 0.019788613560343976 0.0605125 0.10123638643965602
valid_IFr_retrained: 0.054207578259269695 0.11683749999999998 0.17946742174073027
