validity: 0.6 0.6 0.6
average_pairwise_L0_distance: 10.476521369068164 11.012143559662839 11.547765750257513
average_pairwise_L1_distance: 3.730987240708421 4.037403889667309 4.343820538626197
average_pairwise_binned_L0_distance: 8.996470887011077 9.571242905433726 10.146014923856375
accuracy_trained: 0.8358626082836581 0.840818363273453 0.845774118263248
IFr_trained: 0.002776764625389741 0.11081875000000001 0.21886073537461026
valid_IFr_trained: 0.11327955417937058 0.19366875 0.2740579458206294
accuracy_retrained: 0.7517628536357552 0.819207738369415 0.8866526231030747
IFr_retrained: -0.005318809345127972 0.0275625 0.06044380934512797
valid_IFr_retrained: -0.017457387893563492 0.07312500000000001 0.1637073878935635
