validity: 0.65 0.65 0.65
average_pairwise_L0_distance: 10.405987212003142 10.97473141893687 11.543475625870597
average_pairwise_L1_distance: 3.648669044184937 3.9800911106597052 4.311513177134474
average_pairwise_binned_L0_distance: 8.880718744000905 9.499677076950142 10.11863540989938
accuracy_trained: 0.8358626082836581 0.840818363273453 0.845774118263248
IFr_trained: 0.002776764625389741 0.11081875000000001 0.21886073537461026
valid_IFr_trained: 0.11327955417937058 0.19366875 0.2740579458206294
accuracy_retrained: 0.8349988265006691 0.8426992169507139 0.8503996074007587
IFr_retrained: 0.0323772793752546 0.06353125 0.0946852206247454
valid_IFr_retrained: 0.05202242614923512 0.10001874999999999 0.14801507385076484
