validity: 0.5 0.5 0.5
average_pairwise_L0_distance: 10.50527922726865 11.050494066362754 11.595708905456858
average_pairwise_L1_distance: 3.7799611641282573 4.099150863693806 4.418340563259354
average_pairwise_binned_L0_distance: 9.071254828785166 9.66591691845219 10.260579008119214
accuracy_trained: 0.8358626082836581 0.840818363273453 0.845774118263248
IFr_trained: 0.002776764625389741 0.11081875000000001 0.21886073537461026
valid_IFr_trained: 0.11327955417937058 0.19366875 0.2740579458206294
accuracy_retrained: 0.8404967865624492 0.8441578381698143 0.8478188897771793
IFr_retrained: 0.025410083416853545 0.0429125 0.060414916583146454
valid_IFr_retrained: 0.06954199396811794 0.0939125 0.11828300603188205
