validity: 0.4 0.4 0.4
average_pairwise_L0_distance: 10.597754397275056 11.083601648737648 11.569448900200241
average_pairwise_L1_distance: 3.879517655845607 4.161590786072084 4.443663916298561
average_pairwise_binned_L0_distance: 9.23500911405231 9.740113949921541 10.245218785790772
accuracy_trained: 0.8358626082836581 0.840818363273453 0.845774118263248
IFr_trained: 0.002776764625389741 0.11081875000000001 0.21886073537461026
valid_IFr_trained: 0.11327955417937058 0.19366875 0.2740579458206294
accuracy_retrained: 0.8331718057513721 0.8418547520343928 0.8505376983174134
IFr_retrained: 0.018466631145729516 0.037474999999999994 0.05648336885427047
valid_IFr_retrained: 0.07086410692926959 0.11631875 0.1617733930707304
