validity: 0.35 0.35 0.35
average_pairwise_L0_distance: 11.220757353120664 11.496709208535146 11.772661063949627
average_pairwise_L1_distance: 5.665821113607209 5.93456274221968 6.203304370832151
average_pairwise_binned_L0_distance: 10.063698936048397 10.428688580789554 10.793678225530712
accuracy_trained: 0.9025799103868822 0.9055844299458145 0.9085889495047467
IFr_trained: 0.2246786057922845 0.290145 0.3556113942077155
valid_IFr_trained: 0.17458211945285784 0.20870999999999995 0.24283788054714206
accuracy_retrained: 0.9001491517711979 0.9047661174389031 0.9093830831066083
IFr_retrained: 0.07839320359035046 0.13958500000000001 0.20077679640964957
valid_IFr_retrained: 0.07734992745131203 0.10184 0.12633007254868797
