validity: 0.3 0.3 0.3
average_pairwise_L0_distance: 11.25584247846022 11.523160056025976 11.790477633591731
average_pairwise_L1_distance: 5.665306970108721 5.967750175658361 6.270193381208002
average_pairwise_binned_L0_distance: 10.108819769340187 10.467840894064869 10.826862018789551
accuracy_trained: 0.9025799103868822 0.9055844299458145 0.9085889495047467
IFr_trained: 0.2246786057922845 0.290145 0.3556113942077155
valid_IFr_trained: 0.17458211945285784 0.20870999999999995 0.24283788054714206
accuracy_retrained: 0.9009224468559179 0.9048324671016255 0.908742487347333
IFr_retrained: 0.07029883220564206 0.12983 0.18936116779435794
valid_IFr_retrained: 0.06257699001786843 0.101755 0.14093300998213157
