validity: 0.95 0.95 0.95
average_pairwise_L0_distance: 10.886481623833363 11.12901903120118 11.371556438568996
average_pairwise_L1_distance: 5.3024350176598904 5.466025843418568 5.629616669177246
average_pairwise_binned_L0_distance: 9.422617677448574 9.7812091375232 10.139800597597826
accuracy_trained: 0.9025799103868822 0.9055844299458145 0.9085889495047467
IFr_trained: 0.2246786057922845 0.290145 0.3556113942077155
valid_IFr_trained: 0.17458211945285784 0.20870999999999995 0.24283788054714206
accuracy_retrained: 0.9021175852980248 0.9053411478491651 0.9085647104003054
IFr_retrained: 0.05586925794494599 0.134605 0.21334074205505402
valid_IFr_retrained: 0.04131134873805363 0.08654999999999999 0.13178865126194633
