validity: 0.45 0.45 0.45
average_pairwise_L0_distance: 11.19535036370697 11.473981590765508 11.752612817824046
average_pairwise_L1_distance: 5.634900578555513 5.902518336999654 6.1701360954437945
average_pairwise_binned_L0_distance: 9.99837658278834 10.375883364105174 10.753390145422008
accuracy_trained: 0.9025799103868822 0.9055844299458145 0.9085889495047467
IFr_trained: 0.2246786057922845 0.290145 0.3556113942077155
valid_IFr_trained: 0.17458211945285784 0.20870999999999995 0.24283788054714206
accuracy_retrained: 0.9008719498576984 0.9050093995355523 0.9091468492134062
IFr_retrained: 0.060049508429763185 0.13386 0.20767049157023681
valid_IFr_retrained: 0.04842900950297411 0.10241 0.1563909904970259
