validity: 0.9 0.9 0.9
average_pairwise_L0_distance: 10.911219387439381 11.168355853098324 11.425492318757268
average_pairwise_L1_distance: 5.349582774692152 5.5190843209553915 5.688585867218631
average_pairwise_binned_L0_distance: 9.47620992413012 9.848833812459905 10.221457700789689
accuracy_trained: 0.9025799103868822 0.9055844299458145 0.9085889495047467
IFr_trained: 0.2246786057922845 0.290145 0.3556113942077155
valid_IFr_trained: 0.17458211945285784 0.20870999999999995 0.24283788054714206
accuracy_retrained: 0.8989839498054877 0.9059161782594274 0.9128484067133671
IFr_retrained: 0.09640608889891875 0.16637 0.23633391110108123
valid_IFr_retrained: 0.04628546723990673 0.093925 0.14156453276009326
