validity: 0.5 0.5 0.5
average_pairwise_L0_distance: 11.183297323652848 11.450382974763823 11.717468625874798
average_pairwise_L1_distance: 5.596190038090113 5.871463994583143 6.146737951076173
average_pairwise_binned_L0_distance: 9.958658813111098 10.333088260501196 10.707517707891293
accuracy_trained: 0.9025799103868822 0.9055844299458145 0.9085889495047467
IFr_trained: 0.2246786057922845 0.290145 0.3556113942077155
valid_IFr_trained: 0.17458211945285784 0.20870999999999995 0.24283788054714206
accuracy_retrained: 0.9004087899199235 0.9047661174389031 0.9091234449578828
IFr_retrained: 0.04878265024070949 0.13657 0.2243573497592905
valid_IFr_retrained: 0.047224880784654026 0.095765 0.14430511921534597
