validity: 0.85 0.85 0.85
average_pairwise_L0_distance: 10.976538429320161 11.225976291805221 11.47541415429028
average_pairwise_L1_distance: 5.416871980240761 5.583917190397722 5.750962400554683
average_pairwise_binned_L0_distance: 9.57987654366295 9.941756002958014 10.303635462253078
accuracy_trained: 0.9025799103868822 0.9055844299458145 0.9085889495047467
IFr_trained: 0.2246786057922845 0.290145 0.3556113942077155
valid_IFr_trained: 0.17458211945285784 0.20870999999999995 0.24283788054714206
accuracy_retrained: 0.9012360457122595 0.9050757491982748 0.9089154526842902
IFr_retrained: 0.05838546695429166 0.14909 0.23979453304570836
valid_IFr_retrained: 0.052236615069780425 0.09106 0.1298833849302196
