validity: 0.1 0.1 0.1
average_pairwise_L0_distance: 11.208992609710982 11.517131019486659 11.825269429262335
average_pairwise_L1_distance: 5.654531842692092 5.985146397012356 6.31576095133262
average_pairwise_binned_L0_distance: 10.07411775810349 10.495101645028429 10.916085531953367
accuracy_trained: 0.9025799103868822 0.9055844299458145 0.9085889495047467
IFr_trained: 0.2246786057922845 0.290145 0.3556113942077155
valid_IFr_trained: 0.17458211945285784 0.20870999999999995 0.24283788054714206
accuracy_retrained: 0.8980292541512863 0.9051420988609975 0.9122549435707087
IFr_retrained: 0.05770050113525825 0.13367 0.20963949886474176
valid_IFr_retrained: 0.06306229477387801 0.11286500000000002 0.16266770522612203
