validity: 0.7 0.7 0.7
average_pairwise_L0_distance: 11.099389101833582 11.34685429328423 11.594319484734877
average_pairwise_L1_distance: 5.526831995392682 5.735052814965871 5.943273634539061
average_pairwise_binned_L0_distance: 9.773369528774825 10.148509483767649 10.523649438760472
accuracy_trained: 0.9025799103868822 0.9055844299458145 0.9085889495047467
IFr_trained: 0.2246786057922845 0.290145 0.3556113942077155
valid_IFr_trained: 0.17458211945285784 0.20870999999999995 0.24283788054714206
accuracy_retrained: 0.9012404326434076 0.9051863319694793 0.909132231295551
IFr_retrained: 0.0602611085431589 0.13555 0.2108388914568411
valid_IFr_retrained: 0.04299681807765724 0.09016 0.13732318192234277
