validity: 0.15 0.15 0.15
average_pairwise_L0_distance: 11.224816727398865 11.522909432834942 11.821002138271018
average_pairwise_L1_distance: 5.6399894935071995 5.97394454800213 6.307899602497061
average_pairwise_binned_L0_distance: 10.099363039051989 10.492748823405538 10.886134607759088
accuracy_trained: 0.9025799103868822 0.9055844299458145 0.9085889495047467
IFr_trained: 0.2246786057922845 0.290145 0.3556113942077155
valid_IFr_trained: 0.17458211945285784 0.20870999999999995 0.24283788054714206
accuracy_retrained: 0.9008371330981716 0.9054296140661287 0.9100220950340857
IFr_retrained: 0.03823501326714174 0.11911000000000001 0.19998498673285828
valid_IFr_retrained: 0.04061459962788706 0.10323 0.16584540037211293
