validity: 1.0 1.0 1.0
average_pairwise_L0_distance: 10.824322644835982 11.07371370432585 11.323104763815719
average_pairwise_L1_distance: 5.242365030081066 5.397073569218915 5.551782108356765
average_pairwise_binned_L0_distance: 9.330121252068697 9.6897661992938 10.049411146518903
accuracy_trained: 0.9025799103868822 0.9055844299458145 0.9085889495047467
IFr_trained: 0.2246786057922845 0.290145 0.3556113942077155
valid_IFr_trained: 0.17458211945285784 0.20870999999999995 0.24283788054714206
accuracy_retrained: 0.8986129091267505 0.9048324671016257 0.9110520250765008
IFr_retrained: 0.04424308703332022 0.12902 0.21379691296667977
valid_IFr_retrained: 0.03282561620597863 0.08783 0.14283438379402139
