validity: 0.25 0.25 0.25
average_pairwise_L0_distance: 11.238167783523052 11.514533084220167 11.790898384917282
average_pairwise_L1_distance: 5.662183004931578 5.964225444791515 6.266267884651452
average_pairwise_binned_L0_distance: 10.087966169697088 10.466056045565182 10.844145921433276
accuracy_trained: 0.9025799103868822 0.9055844299458145 0.9085889495047467
IFr_trained: 0.2246786057922845 0.290145 0.3556113942077155
valid_IFr_trained: 0.17458211945285784 0.20870999999999995 0.24283788054714206
accuracy_retrained: 0.9001023875064753 0.9046776512219395 0.9092529149374038
IFr_retrained: 0.060607008052726466 0.12805 0.19549299194727354
valid_IFr_retrained: 0.06773025018480955 0.10371999999999999 0.13970974981519044
