validity: 0.4 0.4 0.4
average_pairwise_L0_distance: 11.193260117096568 11.481268150897936 11.769276184699304
average_pairwise_L1_distance: 5.631362096894078 5.922362265132005 6.213362433369932
average_pairwise_binned_L0_distance: 9.998680037021492 10.394425562341143 10.790171087660793
accuracy_trained: 0.9025799103868822 0.9055844299458145 0.9085889495047467
IFr_trained: 0.2246786057922845 0.290145 0.3556113942077155
valid_IFr_trained: 0.17458211945285784 0.20870999999999995 0.24283788054714206
accuracy_retrained: 0.9002449272285898 0.904611301559217 0.9089776758898441
IFr_retrained: 0.07140869674710511 0.13687500000000002 0.20234130325289496
valid_IFr_retrained: 0.05961025880903844 0.10049000000000001 0.14136974119096157
