validity: 0.2 0.2 0.2
average_pairwise_L0_distance: 11.258594499698455 11.532833596975381 11.807072694252307
average_pairwise_L1_distance: 5.655349270109983 5.980690666437823 6.306032062765664
average_pairwise_binned_L0_distance: 10.130103725135847 10.49916560964979 10.868227494163733
accuracy_trained: 0.9025799103868822 0.9055844299458145 0.9085889495047467
IFr_trained: 0.2246786057922845 0.290145 0.3556113942077155
valid_IFr_trained: 0.17458211945285784 0.20870999999999995 0.24283788054714206
accuracy_retrained: 0.9014373801768896 0.9053411478491651 0.9092449155214406
IFr_retrained: 0.04091729988255756 0.1359 0.23088270011744244
valid_IFr_retrained: 0.042189948911821006 0.10193999999999999 0.16169005108817897
