validity: 0.55 0.55 0.55
average_pairwise_L0_distance: 11.166019600159535 11.433276564589036 11.700533529018537
average_pairwise_L1_distance: 5.599026097187973 5.848663880062735 6.098301662937497
average_pairwise_binned_L0_distance: 9.927090269335185 10.298905191707764 10.670720114080343
accuracy_trained: 0.9025799103868822 0.9055844299458145 0.9085889495047467
IFr_trained: 0.2246786057922845 0.290145 0.3556113942077155
valid_IFr_trained: 0.17458211945285784 0.20870999999999995 0.24283788054714206
accuracy_retrained: 0.8989962326370826 0.9051642154152383 0.911332198193394
IFr_retrained: 0.07533650756133055 0.14551 0.21568349243866947
valid_IFr_retrained: 0.04033211704112277 0.09530999999999998 0.15028788295887718
