validity: 0.65 0.65 0.65
average_pairwise_L0_distance: 11.107932066534708 11.372140300013221 11.636348533491734
average_pairwise_L1_distance: 5.536223605706905 5.770454993536928 6.004686381366952
average_pairwise_binned_L0_distance: 9.824858973240305 10.194802048082432 10.564745122924558
accuracy_trained: 0.9025799103868822 0.9055844299458145 0.9085889495047467
IFr_trained: 0.2246786057922845 0.290145 0.3556113942077155
valid_IFr_trained: 0.17458211945285784 0.20870999999999995 0.24283788054714206
accuracy_retrained: 0.8992955403363018 0.9052747981864424 0.911254056036583
IFr_retrained: 0.05902198618183811 0.13674 0.21445801381816187
valid_IFr_retrained: 0.03501485588702568 0.09086499999999999 0.1467151441129743
