validity: 0.0 0.0 0.0
average_pairwise_L0_distance: 11.20962856006963 11.493225582910119 11.776822605750608
average_pairwise_L1_distance: 5.611401661885444 5.957401424542384 6.3034011871993245
average_pairwise_binned_L0_distance: 10.109921696102182 10.478735718028707 10.847549739955232
accuracy_trained: 0.9025799103868822 0.9055844299458145 0.9085889495047467
IFr_trained: 0.2246786057922845 0.290145 0.3556113942077155
valid_IFr_trained: 0.17458211945285784 0.20870999999999995 0.24283788054714206
accuracy_retrained: 0.9004044123683466 0.905495963728851 0.9105875150893554
IFr_retrained: 0.05849875751728874 0.13467 0.2108412424827113
valid_IFr_retrained: 0.07323501714917208 0.11986000000000001 0.16648498285082794
