validity: 0.8 0.8 0.8
average_pairwise_L0_distance: 11.002706386083975 11.272314279277737 11.541922172471498
average_pairwise_L1_distance: 5.4463716178351325 5.646176258293333 5.845980898751534
average_pairwise_binned_L0_distance: 9.623742457440525 10.02052171741164 10.417300977382755
accuracy_trained: 0.9025799103868822 0.9055844299458145 0.9085889495047467
IFr_trained: 0.2246786057922845 0.290145 0.3556113942077155
valid_IFr_trained: 0.17458211945285784 0.20870999999999995 0.24283788054714206
accuracy_retrained: 0.899379991058832 0.905495963728851 0.91161193639887
IFr_retrained: 0.07202738479236262 0.14697 0.22191261520763736
valid_IFr_retrained: 0.047038249867355955 0.08691 0.12678175013264403
