validity: 0.05 0.05 0.05
average_pairwise_L0_distance: 11.218840671351627 11.513648006033566 11.808455340715506
average_pairwise_L1_distance: 5.614160198682417 5.980124303970627 6.346088409258837
average_pairwise_binned_L0_distance: 10.100297334602148 10.496408264810889 10.892519195019629
accuracy_trained: 0.9025799103868822 0.9055844299458145 0.9085889495047467
IFr_trained: 0.2246786057922845 0.290145 0.3556113942077155
valid_IFr_trained: 0.17458211945285784 0.20870999999999995 0.24283788054714206
accuracy_retrained: 0.9005568716944622 0.9046997677761806 0.9088426638578989
IFr_retrained: 0.0653330278125661 0.13264 0.1999469721874339
valid_IFr_retrained: 0.08368785758695935 0.110455 0.13722214241304065
