validity: 0.6 0.6 0.6
average_pairwise_L0_distance: 11.11934237839498 11.394423848259716 11.669505318124452
average_pairwise_L1_distance: 5.547613679223765 5.802491841401549 6.057370003579333
average_pairwise_binned_L0_distance: 9.847077866415875 10.236708155599413 10.62633844478295
accuracy_trained: 0.9025799103868822 0.9055844299458145 0.9085889495047467
IFr_trained: 0.2246786057922845 0.290145 0.3556113942077155
valid_IFr_trained: 0.17458211945285784 0.20870999999999995 0.24283788054714206
accuracy_retrained: 0.9011296781247345 0.9056065465000553 0.9100834148753761
IFr_retrained: 0.04536572038650798 0.139385 0.23340427961349203
valid_IFr_retrained: 0.023187704911519794 0.095085 0.16698229508848023
