validity: 0.75 0.75 0.75
average_pairwise_L0_distance: 11.05503533534974 11.308406712342855 11.56177808933597
average_pairwise_L1_distance: 5.5007422173694795 5.688497359272519 5.876252501175559
average_pairwise_binned_L0_distance: 9.70851605658932 10.076445950115334 10.444375843641348
accuracy_trained: 0.9025799103868822 0.9055844299458145 0.9085889495047467
IFr_trained: 0.2246786057922845 0.290145 0.3556113942077155
valid_IFr_trained: 0.17458211945285784 0.20870999999999995 0.24283788054714206
accuracy_retrained: 0.902031017879244 0.9066239079951343 0.9112167981110245
IFr_retrained: 0.06630068828232843 0.146125 0.22594931171767157
valid_IFr_retrained: 0.03859480138437389 0.09070499999999998 0.14281519861562608
