validity: 0.75 0.75 0.75
average_pairwise_L0_distance: 13.043522339592768 13.247692307692308 13.451862275791848
average_pairwise_L1_distance: 6.785954425192926 6.952095297487832 7.118236169782738
average_pairwise_binned_L0_distance: 12.32275128421124 12.550128205128207 12.777505126045174
accuracy_trained: 0.7586436848202915 0.7715 0.7843563151797084
IFr_trained: 0.08572054969012226 0.0992525 0.11278445030987773
valid_IFr_trained: 0.08780117028887299 0.1011425 0.114483829711127
accuracy_retrained: 0.755471958083895 0.7695000000000001 0.7835280419161051
IFr_retrained: 0.04650333999070376 0.06389749999999998 0.0812916600092962
valid_IFr_retrained: 0.049158785550629885 0.06772500000000001 0.08629121444937013
