validity: 0.9499999999999996 0.9499999999999998 0.9500000000000001
average_pairwise_L0_distance: 12.243686478177626 12.860641025641025 13.477595573104423
average_pairwise_L1_distance: 6.011557585957844 6.605082413438749 7.198607240919655
average_pairwise_binned_L0_distance: 11.380771914964457 12.095128205128207 12.809484495291956
accuracy_trained: 0.7308447617151246 0.7715 0.8121552382848753
IFr_trained: 0.05646071583656507 0.0992525 0.14204428416343493
valid_IFr_trained: 0.05895351109756244 0.1011425 0.14333148890243755
accuracy_retrained: 0.7104547516050183 0.772 0.8335452483949818
IFr_retrained: 0.014308700494075788 0.06759000000000001 0.12087129950592423
valid_IFr_retrained: 0.014021551380492422 0.0695425 0.12506344861950758
