validity: 0.5999999999999998 0.5999999999999999 0.6
average_pairwise_L0_distance: 13.356281508159922 13.544999999999998 13.733718491840074
average_pairwise_L1_distance: 7.0566580561337275 7.236139951049452 7.415621845965177
average_pairwise_binned_L0_distance: 12.69334251865668 12.902435897435899 13.111529276215117
accuracy_trained: 0.7586436848202915 0.7715 0.7843563151797084
IFr_trained: 0.08572054969012226 0.0992525 0.11278445030987773
valid_IFr_trained: 0.08780117028887299 0.1011425 0.114483829711127
accuracy_retrained: 0.7549345490972645 0.7695000000000001 0.7840654509027356
IFr_retrained: 0.05173946307869508 0.07094249999999999 0.0901455369213049
valid_IFr_retrained: 0.05485517872692902 0.07437750000000001 0.093899821273071
