validity: 0.5 0.5 0.5
average_pairwise_L0_distance: 13.439260178667253 13.58294871794872 13.726637257230186
average_pairwise_L1_distance: 7.123527908223012 7.29331492991674 7.463101951610468
average_pairwise_binned_L0_distance: 12.799147112556348 12.967692307692309 13.13623750282827
accuracy_trained: 0.7586436848202915 0.7715 0.7843563151797084
IFr_trained: 0.08572054969012226 0.0992525 0.11278445030987773
valid_IFr_trained: 0.08780117028887299 0.1011425 0.114483829711127
accuracy_retrained: 0.7493542005144117 0.7665 0.7836457994855882
IFr_retrained: 0.04460602464571849 0.059739999999999994 0.0748739753542815
valid_IFr_retrained: 0.049380269787680134 0.0638775 0.07837473021231987
