validity: 0.1 0.1 0.1
average_pairwise_L0_distance: 13.660281396887077 13.828205128205127 13.996128859523177
average_pairwise_L1_distance: 7.417547967163628 7.581106148376511 7.744664329589394
average_pairwise_binned_L0_distance: 13.061354252534825 13.235256410256412 13.409158567977999
accuracy_trained: 0.7586436848202915 0.7715 0.7843563151797084
IFr_trained: 0.08572054969012226 0.0992525 0.11278445030987773
valid_IFr_trained: 0.08780117028887299 0.1011425 0.114483829711127
accuracy_retrained: 0.7549171858585932 0.7685000000000001 0.7820828141414069
IFr_retrained: 0.05842605291219749 0.0769175 0.09540894708780251
valid_IFr_retrained: 0.06391134110505822 0.08077000000000001 0.0976286588949418
