validity: 0.75 0.75 0.75
average_pairwise_L0_distance: 12.602050178693842 13.247692307692308 13.893334436690774
average_pairwise_L1_distance: 6.426711728588764 6.952095297487832 7.4774788663869
average_pairwise_binned_L0_distance: 11.831099247674612 12.550128205128207 13.269157162581802
accuracy_trained: 0.7308447617151246 0.7715 0.8121552382848753
IFr_trained: 0.05646071583656507 0.0992525 0.14204428416343493
valid_IFr_trained: 0.05895351109756244 0.1011425 0.14333148890243755
accuracy_retrained: 0.7251394364327954 0.7695000000000001 0.8138605635672047
IFr_retrained: 0.008892336385208324 0.06389749999999998 0.11890266361479164
valid_IFr_retrained: 0.0090134748128615 0.06772500000000001 0.12643652518713852
