validity: 0.4 0.4 0.4
average_pairwise_L0_distance: 13.557769739313379 13.704102564102564 13.85043538889175
average_pairwise_L1_distance: 7.283208512700811 7.43025035635556 7.57729220001031
average_pairwise_binned_L0_distance: 12.939028280295958 13.084615384615384 13.230202488934811
accuracy_trained: 0.7586436848202915 0.7715 0.7843563151797084
IFr_trained: 0.08572054969012226 0.0992525 0.11278445030987773
valid_IFr_trained: 0.08780117028887299 0.1011425 0.114483829711127
accuracy_retrained: 0.7524537156949032 0.7685000000000001 0.784546284305097
IFr_retrained: 0.050084777808425546 0.06654499999999999 0.08300522219157444
valid_IFr_retrained: 0.05652219283124822 0.07150500000000001 0.0864878071687518
