validity: 0.25 0.25 0.25
average_pairwise_L0_distance: 13.588357370015485 13.778846153846152 13.969334937676818
average_pairwise_L1_distance: 7.2753136248495744 7.450240092486697 7.62516656012382
average_pairwise_binned_L0_distance: 12.964711244395389 13.157051282051281 13.349391319707173
accuracy_trained: 0.7586436848202915 0.7715 0.7843563151797084
IFr_trained: 0.08572054969012226 0.0992525 0.11278445030987773
valid_IFr_trained: 0.08780117028887299 0.1011425 0.114483829711127
accuracy_retrained: 0.7553527375410604 0.7705 0.7856472624589396
IFr_retrained: 0.04882747766605133 0.06819499999999999 0.08756252233394865
valid_IFr_retrained: 0.04946367699966759 0.07002749999999999 0.0905913230003324
