validity: 0.9 0.9 0.9
average_pairwise_L0_distance: 12.75542453414501 12.97397435897436 13.192524183803709
average_pairwise_L1_distance: 6.492350687156629 6.714554069359499 6.936757451562369
average_pairwise_binned_L0_distance: 11.95426080012275 12.22128205128205 12.488303302441349
accuracy_trained: 0.7586436848202915 0.7715 0.7843563151797084
IFr_trained: 0.08572054969012226 0.0992525 0.11278445030987773
valid_IFr_trained: 0.08780117028887299 0.1011425 0.114483829711127
accuracy_retrained: 0.7529694157469567 0.7699999999999999 0.7870305842530431
IFr_retrained: 0.04540219862987373 0.05976 0.07411780137012627
valid_IFr_retrained: 0.0479358174652493 0.06513250000000001 0.08232918253475072
