validity: 0.05 0.05 0.05
average_pairwise_L0_distance: 13.651987845261573 13.807948717948719 13.963909590635865
average_pairwise_L1_distance: 7.394701775224136 7.517388546345562 7.640075317466988
average_pairwise_binned_L0_distance: 13.102699321794509 13.256794871794872 13.410890421795235
accuracy_trained: 0.7586436848202915 0.7715 0.7843563151797084
IFr_trained: 0.08572054969012226 0.0992525 0.11278445030987773
valid_IFr_trained: 0.08780117028887299 0.1011425 0.114483829711127
accuracy_retrained: 0.7519834362763886 0.7635 0.7750165637236113
IFr_retrained: 0.05598025560310077 0.075545 0.09510974439689923
valid_IFr_retrained: 0.06143962789554907 0.082395 0.10335037210445092
