validity: 0.7 0.7 0.7
average_pairwise_L0_distance: 13.244581325602924 13.413846153846155 13.583110982089385
average_pairwise_L1_distance: 7.003000782826681 7.146268693473442 7.289536604120204
average_pairwise_binned_L0_distance: 12.535472364559064 12.722307692307693 12.909143020056321
accuracy_trained: 0.7586436848202915 0.7715 0.7843563151797084
IFr_trained: 0.08572054969012226 0.0992525 0.11278445030987773
valid_IFr_trained: 0.08780117028887299 0.1011425 0.114483829711127
accuracy_retrained: 0.7527558188526682 0.7685000000000001 0.784244181147332
IFr_retrained: 0.052089315091966265 0.07256 0.09303068490803373
valid_IFr_retrained: 0.05737274237921999 0.07747 0.09756725762078
