validity: 0.14999999999999994 0.14999999999999997 0.15
average_pairwise_L0_distance: 13.65476515212492 13.826025641025641 13.997286129926362
average_pairwise_L1_distance: 7.322226671381295 7.477683332504597 7.633139993627899
average_pairwise_binned_L0_distance: 13.09533636954814 13.265641025641026 13.435945681733912
accuracy_trained: 0.7586436848202915 0.7715 0.7843563151797084
IFr_trained: 0.08572054969012226 0.0992525 0.11278445030987773
valid_IFr_trained: 0.08780117028887299 0.1011425 0.114483829711127
accuracy_retrained: 0.7539104866400619 0.7670000000000001 0.7800895133599384
IFr_retrained: 0.04976239425581738 0.069525 0.08928760574418262
valid_IFr_retrained: 0.057586872362075936 0.07602 0.09445312763792407
