validity: 1.0 1.0 1.0
average_pairwise_L0_distance: 12.578715057306779 12.788717948717949 12.998720840129119
average_pairwise_L1_distance: 6.312227821019855 6.514235626992416 6.716243432964978
average_pairwise_binned_L0_distance: 11.749136254697918 12.00051282051282 12.251889386327724
accuracy_trained: 0.7586436848202915 0.7715 0.7843563151797084
IFr_trained: 0.08572054969012226 0.0992525 0.11278445030987773
valid_IFr_trained: 0.08780117028887299 0.1011425 0.114483829711127
accuracy_retrained: 0.7492435610768762 0.7685000000000001 0.787756438923124
IFr_retrained: 0.05501165131302134 0.071515 0.08801834868697865
valid_IFr_retrained: 0.05607068239033046 0.07522 0.09436931760966953
