validity: 0.9499999999999997 0.9499999999999998 0.95
average_pairwise_L0_distance: 12.665542867362745 12.860641025641025 13.055739183919304
average_pairwise_L1_distance: 6.417393383168934 6.605082413438749 6.792771443708565
average_pairwise_binned_L0_distance: 11.869228911349648 12.095128205128207 12.321027498906766
accuracy_trained: 0.7586436848202915 0.7715 0.7843563151797084
IFr_trained: 0.08572054969012226 0.0992525 0.11278445030987773
valid_IFr_trained: 0.08780117028887299 0.1011425 0.114483829711127
accuracy_retrained: 0.7525376835911035 0.772 0.7914623164088965
IFr_retrained: 0.05074097368676754 0.06759000000000001 0.08443902631323248
valid_IFr_retrained: 0.051985234450917475 0.0695425 0.08709976554908251
