validity: 0.65 0.6500000000000001 0.6500000000000002
average_pairwise_L0_distance: 13.160202928507026 13.378589743589743 13.59697655867246
average_pairwise_L1_distance: 6.964190350571617 7.154138285294396 7.344086220017174
average_pairwise_binned_L0_distance: 12.461054505701721 12.719102564102563 12.977150622503405
accuracy_trained: 0.7586436848202915 0.7715 0.7843563151797084
IFr_trained: 0.08572054969012226 0.0992525 0.11278445030987773
valid_IFr_trained: 0.08780117028887299 0.1011425 0.114483829711127
accuracy_retrained: 0.7460217010311585 0.761 0.7759782989688415
IFr_retrained: 0.0512986133932402 0.0675225 0.0837463866067598
valid_IFr_retrained: 0.05462874557152686 0.07144249999999999 0.08825625442847312
