validity: 0.0 0.0 0.0
average_pairwise_L0_distance: 13.718787480490843 13.860384615384614 14.001981750278386
average_pairwise_L1_distance: 7.437856280544011 7.534532426974735 7.631208573405459
average_pairwise_binned_L0_distance: 13.120735518623476 13.253589743589743 13.386443968556009
accuracy_trained: 0.7586436848202915 0.7715 0.7843563151797084
IFr_trained: 0.08572054969012226 0.0992525 0.11278445030987773
valid_IFr_trained: 0.08780117028887299 0.1011425 0.114483829711127
accuracy_retrained: 0.7456822177443041 0.7625 0.7793177822556958
IFr_retrained: 0.05631722908225559 0.07724249999999999 0.0981677709177444
valid_IFr_retrained: 0.06291727750893773 0.08205 0.10118272249106226
