validity: 0.55 0.55 0.55
average_pairwise_L0_distance: 13.416013780010653 13.594358974358974 13.772704168707294
average_pairwise_L1_distance: 7.180772959943417 7.359812619130492 7.538852278317566
average_pairwise_binned_L0_distance: 12.792839258231519 12.984230769230772 13.175622280230025
accuracy_trained: 0.7586436848202915 0.7715 0.7843563151797084
IFr_trained: 0.08572054969012226 0.0992525 0.11278445030987773
valid_IFr_trained: 0.08780117028887299 0.1011425 0.114483829711127
accuracy_retrained: 0.7459447404256424 0.762 0.7780552595743576
IFr_retrained: 0.049828403091703125 0.068565 0.08730159690829688
valid_IFr_retrained: 0.054870069943614486 0.07394500000000001 0.09301993005638554
