validity: 0.2999999999999999 0.29999999999999993 0.3
average_pairwise_L0_distance: 13.528300332958288 13.727820512820514 13.92734069268274
average_pairwise_L1_distance: 7.3213790268317505 7.490780219780217 7.660181412728684
average_pairwise_binned_L0_distance: 12.946122308163325 13.153333333333332 13.36054435850334
accuracy_trained: 0.7586436848202915 0.7715 0.7843563151797084
IFr_trained: 0.08572054969012226 0.0992525 0.11278445030987773
valid_IFr_trained: 0.08780117028887299 0.1011425 0.114483829711127
accuracy_retrained: 0.7456418021890587 0.761 0.7763581978109413
IFr_retrained: 0.04703693596685492 0.06465499999999999 0.08227306403314506
valid_IFr_retrained: 0.05163273897969909 0.06823 0.08482726102030091
