validity: 0.2 0.2 0.2
average_pairwise_L0_distance: 13.624573899591889 13.798076923076923 13.971579946561958
average_pairwise_L1_distance: 7.316286525603147 7.479721233266483 7.6431559409298195
average_pairwise_binned_L0_distance: 13.00553476917808 13.175641025641024 13.345747282103968
accuracy_trained: 0.7586436848202915 0.7715 0.7843563151797084
IFr_trained: 0.08572054969012226 0.0992525 0.11278445030987773
valid_IFr_trained: 0.08780117028887299 0.1011425 0.114483829711127
accuracy_retrained: 0.7442412537732396 0.763 0.7817587462267604
IFr_retrained: 0.047198393502026814 0.06689500000000001 0.0865916064979732
valid_IFr_retrained: 0.055682454138034104 0.0750875 0.0944925458619659
