validity: 0.45 0.45 0.45
average_pairwise_L0_distance: 13.511275034611973 13.66705128205128 13.822827529490588
average_pairwise_L1_distance: 7.273559625041741 7.41407124210631 7.554582859170879
average_pairwise_binned_L0_distance: 12.879111247722571 13.069102564102565 13.259093880482558
accuracy_trained: 0.7586436848202915 0.7715 0.7843563151797084
IFr_trained: 0.08572054969012226 0.0992525 0.11278445030987773
valid_IFr_trained: 0.08780117028887299 0.1011425 0.114483829711127
accuracy_retrained: 0.7505970003124349 0.765 0.7794029996875651
IFr_retrained: 0.05215347024887629 0.0722275 0.09230152975112371
valid_IFr_retrained: 0.05545587336814142 0.0760025 0.09654912663185858
