validity: 0.0 0.0 0.0
average_pairwise_L0_distance: 13.412615158966192 13.860384615384614 14.308154071803036
average_pairwise_L1_distance: 7.228815608845691 7.534532426974735 7.840249245103779
average_pairwise_binned_L0_distance: 12.833467795919935 13.253589743589743 13.67371169125955
accuracy_trained: 0.7308447617151246 0.7715 0.8121552382848753
IFr_trained: 0.05646071583656507 0.0992525 0.14204428416343493
valid_IFr_trained: 0.05895351109756244 0.1011425 0.14333148890243755
accuracy_retrained: 0.7093175028792367 0.7625 0.8156824971207632
IFr_retrained: 0.01107098324384577 0.07724249999999999 0.14341401675615423
valid_IFr_retrained: 0.021547019088312684 0.08205 0.1425529809116873
