validity: 0.8 0.8 0.8
average_pairwise_L0_distance: 13.02652078572413 13.200641025641028 13.374761265557925
average_pairwise_L1_distance: 6.7584931342754055 6.919849952209679 7.081206770143953
average_pairwise_binned_L0_distance: 12.263652329062221 12.492820512820513 12.721988696578805
accuracy_trained: 0.7586436848202915 0.7715 0.7843563151797084
IFr_trained: 0.08572054969012226 0.0992525 0.11278445030987773
valid_IFr_trained: 0.08780117028887299 0.1011425 0.114483829711127
accuracy_retrained: 0.7575058590492021 0.7709999999999999 0.7844941409507977
IFr_retrained: 0.04901239245055054 0.06701 0.08500760754944946
valid_IFr_retrained: 0.0527419849328335 0.06978749999999999 0.08683301506716648
