validity: 0.35 0.35 0.35
average_pairwise_L0_distance: 13.530252105764232 13.748461538461537 13.966670971158843
average_pairwise_L1_distance: 7.270445413836435 7.455188262089848 7.6399311103432614
average_pairwise_binned_L0_distance: 12.887014142287228 13.127820512820515 13.368626883353802
accuracy_trained: 0.7586436848202915 0.7715 0.7843563151797084
IFr_trained: 0.08572054969012226 0.0992525 0.11278445030987773
valid_IFr_trained: 0.08780117028887299 0.1011425 0.114483829711127
accuracy_retrained: 0.7448516531563787 0.7635 0.7821483468436212
IFr_retrained: 0.055204364506208976 0.07604999999999999 0.09689563549379102
valid_IFr_retrained: 0.05954501659368165 0.07993999999999998 0.10033498340631831
