validity: 0.85 0.85 0.85
average_pairwise_L0_distance: 12.87570892303073 13.075641025641028 13.275573128251326
average_pairwise_L1_distance: 6.613016248745701 6.792350220166966 6.971684191588231
average_pairwise_binned_L0_distance: 12.115506901469944 12.343461538461538 12.571416175453132
accuracy_trained: 0.7586436848202915 0.7715 0.7843563151797084
IFr_trained: 0.08572054969012226 0.0992525 0.11278445030987773
valid_IFr_trained: 0.08780117028887299 0.1011425 0.114483829711127
accuracy_retrained: 0.7544137747828364 0.7665 0.7785862252171635
IFr_retrained: 0.04897470649257442 0.06785250000000001 0.0867302935074256
valid_IFr_retrained: 0.049940891474242806 0.068775 0.0876091085257572
