validity: 0.15 0.15 0.15
average_pairwise_L0_distance: 11.658095422646845 11.752861658936975 11.847627895227106
average_pairwise_L1_distance: 5.972731770979955 6.206567290801288 6.44040281062262
average_pairwise_binned_L0_distance: 10.34726178859026 10.727329926392448 11.107398064194637
accuracy_trained: 0.8920195238472133 0.8956098639831914 0.8992002041191696
IFr_trained: 0.10466023534221716 0.14755000000000001 0.19043976465778287
valid_IFr_trained: 0.08205557738497488 0.14131 0.2005644226150251
accuracy_retrained: 0.8876466897660437 0.8980869180581665 0.9085271463502894
IFr_retrained: 0.012973183932454634 0.0463 0.07962681606754538
valid_IFr_retrained: 0.01461607696675725 0.039584999999999995 0.06455392303324274
