validity: 0.9 0.9 0.9
average_pairwise_L0_distance: 11.21996423485941 11.386773045824743 11.553581856790077
average_pairwise_L1_distance: 5.5358758394706395 5.746563159253408 5.957250479036176
average_pairwise_binned_L0_distance: 9.905246522577617 10.140625076521491 10.376003630465366
accuracy_trained: 0.8920195238472133 0.8956098639831914 0.8992002041191696
IFr_trained: 0.10466023534221716 0.14755000000000001 0.19043976465778287
valid_IFr_trained: 0.08205557738497488 0.14131 0.2005644226150251
accuracy_retrained: 0.8724581618526301 0.890832688267168 0.9092072146817058
IFr_retrained: -0.04072935096412018 0.046105 0.13293935096412018
valid_IFr_retrained: -0.030793478746214305 0.036789999999999996 0.1043734787462143
