validity: 0.8 0.8 0.8
average_pairwise_L0_distance: 11.316134468421945 11.471179434940813 11.626224401459682
average_pairwise_L1_distance: 5.671603467792971 5.842087199328343 6.012570930863716
average_pairwise_binned_L0_distance: 10.054222746592016 10.274427129501301 10.494631512410587
accuracy_trained: 0.8920195238472133 0.8956098639831914 0.8992002041191696
IFr_trained: 0.10466023534221716 0.14755000000000001 0.19043976465778287
valid_IFr_trained: 0.08205557738497488 0.14131 0.2005644226150251
accuracy_retrained: 0.8717589022696016 0.8885325666261197 0.9053062309826377
IFr_retrained: -0.027037500926248566 0.019164999999999998 0.06536750092624856
valid_IFr_retrained: -0.020901380420837806 0.014095000000000002 0.04909138042083781
