validity: 0.1 0.1 0.1
average_pairwise_L0_distance: 11.629572806966285 11.748771860659872 11.867970914353458
average_pairwise_L1_distance: 5.962588536637608 6.203321663752737 6.444054790867866
average_pairwise_binned_L0_distance: 10.305342556148121 10.72452556674878 11.143708577349438
accuracy_trained: 0.8920195238472133 0.8956098639831914 0.8992002041191696
IFr_trained: 0.10466023534221716 0.14755000000000001 0.19043976465778287
valid_IFr_trained: 0.08205557738497488 0.14131 0.2005644226150251
accuracy_retrained: 0.8732652533858422 0.8919827490876922 0.9107002447895421
IFr_retrained: -0.0290861011143001 0.04457 0.1182261011143001
valid_IFr_retrained: -0.022383300885917834 0.03414 0.09066330088591783
