validity: 0.0 0.0 0.0
average_pairwise_L0_distance: 11.607354269527207 11.730800818841184 11.85424736815516
average_pairwise_L1_distance: 5.968152373231691 6.189234959057251 6.410317544882812
average_pairwise_binned_L0_distance: 10.260863784311196 10.702477827132439 11.144091869953682
accuracy_trained: 0.8920195238472133 0.8956098639831914 0.8992002041191696
IFr_trained: 0.10466023534221716 0.14755000000000001 0.19043976465778287
valid_IFr_trained: 0.08205557738497488 0.14131 0.2005644226150251
accuracy_retrained: 0.8718501071385117 0.8902797744111467 0.9087094416837816
IFr_retrained: -0.022874423196664634 0.027000000000000003 0.07687442319666464
valid_IFr_retrained: -0.020663440116227703 0.026685000000000004 0.07403344011622771
