validity: 0.25 0.25 0.25
average_pairwise_L0_distance: 11.649956335080637 11.743400051912179 11.836843768743721
average_pairwise_L1_distance: 5.967549217714518 6.191047973252848 6.414546728791178
average_pairwise_binned_L0_distance: 10.359986889520972 10.703375393626555 11.046763897732138
accuracy_trained: 0.8920195238472133 0.8956098639831914 0.8992002041191696
IFr_trained: 0.10466023534221716 0.14755000000000001 0.19043976465778287
valid_IFr_trained: 0.08205557738497488 0.14131 0.2005644226150251
accuracy_retrained: 0.8877374854296894 0.8953223487780605 0.9029072121264315
IFr_retrained: 0.017852172078589426 0.07331499999999999 0.12877782792141057
valid_IFr_retrained: 0.012296691315457554 0.05666 0.10102330868454246
