validity: 0.85 0.85 0.85
average_pairwise_L0_distance: 11.282289788927269 11.431779926637315 11.581270064347361
average_pairwise_L1_distance: 5.610999614768807 5.797212276229484 5.9834249376901605
average_pairwise_binned_L0_distance: 10.000794487379958 10.218180282186776 10.435566076993593
accuracy_trained: 0.8920195238472133 0.8956098639831914 0.8992002041191696
IFr_trained: 0.10466023534221716 0.14755000000000001 0.19043976465778287
valid_IFr_trained: 0.08205557738497488 0.14131 0.2005644226150251
accuracy_retrained: 0.87563743044779 0.891429835231671 0.907222240015552
IFr_retrained: -0.02076924545222545 0.034535 0.08983924545222546
valid_IFr_retrained: -0.01579698756869945 0.02616 0.06811698756869945
