validity: 0.75 0.75 0.75
average_pairwise_L0_distance: 11.419333868062731 11.522436591230761 11.625539314398791
average_pairwise_L1_distance: 5.7484760813881675 5.892850202780531 6.037224324172895
average_pairwise_binned_L0_distance: 10.151730456532947 10.34714091218516 10.542551367837374
accuracy_trained: 0.8920195238472133 0.8956098639831914 0.8992002041191696
IFr_trained: 0.10466023534221716 0.14755000000000001 0.19043976465778287
valid_IFr_trained: 0.08205557738497488 0.14131 0.2005644226150251
accuracy_retrained: 0.8790203805208315 0.8923808470640274 0.9057413136072233
IFr_retrained: -0.04188811177462399 0.047395 0.136678111774624
valid_IFr_retrained: -0.02531163708698704 0.030790000000000005 0.08689163708698705
