validity: 0.05 0.05 0.05
average_pairwise_L0_distance: 11.6083932823048 11.7302569652923 11.8521206482798
average_pairwise_L1_distance: 5.963645094959313 6.199352228705068 6.435059362450824
average_pairwise_binned_L0_distance: 10.28548676053799 10.705582028590879 11.125677296643767
accuracy_trained: 0.8920195238472133 0.8956098639831914 0.8992002041191696
IFr_trained: 0.10466023534221716 0.14755000000000001 0.19043976465778287
valid_IFr_trained: 0.08205557738497488 0.14131 0.2005644226150251
accuracy_retrained: 0.8805103001844429 0.8953444653323013 0.9101786304801597
IFr_retrained: -0.009472313132627308 0.041460000000000004 0.09239231313262732
valid_IFr_retrained: -0.007650053960494389 0.03795 0.08355005396049439
