validity: 0.35 0.35 0.35
average_pairwise_L0_distance: 11.637227731616717 11.728502235651915 11.819776739687113
average_pairwise_L1_distance: 5.929811243048671 6.147683481735383 6.365555720422095
average_pairwise_binned_L0_distance: 10.362220620658846 10.677460808752588 10.992700996846331
accuracy_trained: 0.8920195238472133 0.8956098639831914 0.8992002041191696
IFr_trained: 0.10466023534221716 0.14755000000000001 0.19043976465778287
valid_IFr_trained: 0.08205557738497488 0.14131 0.2005644226150251
accuracy_retrained: 0.8845701863858919 0.8947252018135575 0.9048802172412231
IFr_retrained: -0.012564534518147041 0.067705 0.14797453451814704
valid_IFr_retrained: -0.014691202228603657 0.044090000000000004 0.10287120222860366
