validity: 0.3 0.3 0.3
average_pairwise_L0_distance: 11.646879593945508 11.744070012880098 11.841260431814687
average_pairwise_L1_distance: 5.934359729356749 6.177070159220379 6.4197805890840085
average_pairwise_binned_L0_distance: 10.352098227710755 10.701700736075537 11.05130324444032
accuracy_trained: 0.8920195238472133 0.8956098639831914 0.8992002041191696
IFr_trained: 0.10466023534221716 0.14755000000000001 0.19043976465778287
valid_IFr_trained: 0.08205557738497488 0.14131 0.2005644226150251
accuracy_retrained: 0.8786551386505179 0.8948357845847615 0.9110164305190052
IFr_retrained: -0.01172207911503255 0.044035000000000005 0.09979207911503256
valid_IFr_retrained: -0.012129558980493449 0.03438000000000001 0.08088955898049346
