validity: 0.6 0.6 0.6
average_pairwise_L0_distance: 11.526432100200646 11.623526257278723 11.7206204143568
average_pairwise_L1_distance: 5.827180537388471 6.00953959876931 6.191898660150149
average_pairwise_binned_L0_distance: 10.23236515831165 10.501291315484034 10.770217472656418
accuracy_trained: 0.8920195238472133 0.8956098639831914 0.8992002041191696
IFr_trained: 0.10466023534221716 0.14755000000000001 0.19043976465778287
valid_IFr_trained: 0.08205557738497488 0.14131 0.2005644226150251
accuracy_retrained: 0.8902119282507241 0.897423421430941 0.9046349146111579
IFr_retrained: 0.020734275389762323 0.068155 0.11557572461023766
valid_IFr_retrained: 0.01870873630527926 0.0474 0.07609126369472073
