validity: 0.2 0.2 0.2
average_pairwise_L0_distance: 11.658655536246226 11.756485104632427 11.854314673018628
average_pairwise_L1_distance: 5.949798022734473 6.192164903391072 6.434531784047671
average_pairwise_binned_L0_distance: 10.333859963825308 10.720923669505513 11.107987375185719
accuracy_trained: 0.8920195238472133 0.8956098639831914 0.8992002041191696
IFr_trained: 0.10466023534221716 0.14755000000000001 0.19043976465778287
valid_IFr_trained: 0.08205557738497488 0.14131 0.2005644226150251
accuracy_retrained: 0.8768665756949068 0.8949021342474843 0.9129376928000619
IFr_retrained: -0.002279491303795518 0.039904999999999996 0.0820894913037955
valid_IFr_retrained: -0.0019034454391803485 0.034609999999999995 0.07112344543918034
