validity: 0.45 0.45 0.45
average_pairwise_L0_distance: 11.602703440871691 11.701153087060643 11.799602733249595
average_pairwise_L1_distance: 5.904938989429418 6.1136174767632 6.322295964096982
average_pairwise_binned_L0_distance: 10.300323629651077 10.622543721319746 10.944763812988414
accuracy_trained: 0.8920195238472133 0.8956098639831914 0.8992002041191696
IFr_trained: 0.10466023534221716 0.14755000000000001 0.19043976465778287
valid_IFr_trained: 0.08205557738497488 0.14131 0.2005644226150251
accuracy_retrained: 0.8722229192003406 0.892579896052195 0.9129368729040495
IFr_retrained: -0.029354981552864874 0.0438 0.11695498155286488
valid_IFr_retrained: -0.025342917820917986 0.028975 0.083292917820918
