validity: 0.7 0.7 0.7
average_pairwise_L0_distance: 11.465364489457103 11.563684858784177 11.66200522811125
average_pairwise_L1_distance: 5.801376083022398 5.948099692493484 6.09482330196457
average_pairwise_binned_L0_distance: 10.183501681128549 10.413579687645392 10.643657694162235
accuracy_trained: 0.8920195238472133 0.8956098639831914 0.8992002041191696
IFr_trained: 0.10466023534221716 0.14755000000000001 0.19043976465778287
valid_IFr_trained: 0.08205557738497488 0.14131 0.2005644226150251
accuracy_retrained: 0.8731825966669557 0.8910317372553356 0.9088808778437154
IFr_retrained: -0.03367517834016338 0.041595 0.11686517834016338
valid_IFr_retrained: -0.023165022200053953 0.027870000000000006 0.07890502220005396
