validity: 0.5 0.5 0.5
average_pairwise_L0_distance: 11.587200104479248 11.681165428446894 11.77513075241454
average_pairwise_L1_distance: 5.892362379944405 6.093479184316392 6.294595988688378
average_pairwise_binned_L0_distance: 10.299735774342585 10.598465040085019 10.897194305827453
accuracy_trained: 0.8920195238472133 0.8956098639831914 0.8992002041191696
IFr_trained: 0.10466023534221716 0.14755000000000001 0.19043976465778287
valid_IFr_trained: 0.08205557738497488 0.14131 0.2005644226150251
accuracy_retrained: 0.8796309891692407 0.893309742342143 0.9069884955150453
IFr_retrained: -0.007687142469130867 0.04747 0.10262714246913086
valid_IFr_retrained: -0.009311040830344938 0.035585 0.08048104083034494
