validity: 0.95 0.95 0.95
average_pairwise_L0_distance: 11.144415078321497 11.333009535190092 11.521603992058687
average_pairwise_L1_distance: 5.431179632568733 5.688617258598836 5.94605488462894
average_pairwise_binned_L0_distance: 9.79575320610485 10.062941314749427 10.330129423394004
accuracy_trained: 0.8920195238472133 0.8956098639831914 0.8992002041191696
IFr_trained: 0.10466023534221716 0.14755000000000001 0.19043976465778287
valid_IFr_trained: 0.08205557738497488 0.14131 0.2005644226150251
accuracy_retrained: 0.8889335138243727 0.8955877474289506 0.9022419810335286
IFr_retrained: -0.002717131012164968 0.04368 0.09007713101216497
valid_IFr_retrained: -0.00013730329558530457 0.031369999999999995 0.0628773032955853
