validity: 1.0 1.0 1.0
average_pairwise_L0_distance: 11.05137551490817 11.274952985195235 11.4985304554823
average_pairwise_L1_distance: 5.3244815551672895 5.6252608347157524 5.926040114264215
average_pairwise_binned_L0_distance: 9.666149631596491 9.976425013835087 10.286700396073682
accuracy_trained: 0.8920195238472133 0.8956098639831914 0.8992002041191696
IFr_trained: 0.10466023534221716 0.14755000000000001 0.19043976465778287
valid_IFr_trained: 0.08205557738497488 0.14131 0.2005644226150251
accuracy_retrained: 0.8894247998164763 0.8967820413579564 0.9041392828994365
IFr_retrained: 0.04933343783640322 0.072195 0.09505656216359677
valid_IFr_retrained: 0.03942914213123557 0.06105499999999999 0.08268085786876442
