validity: 0.65 0.65 0.65
average_pairwise_L0_distance: 11.5007562821901 11.602500599928499 11.704244917666898
average_pairwise_L1_distance: 5.833024506171244 5.998993860751409 6.164963215331575
average_pairwise_binned_L0_distance: 10.2470254509478 10.474100229686911 10.701175008426022
accuracy_trained: 0.8920195238472133 0.8956098639831914 0.8992002041191696
IFr_trained: 0.10466023534221716 0.14755000000000001 0.19043976465778287
valid_IFr_trained: 0.08205557738497488 0.14131 0.2005644226150251
accuracy_retrained: 0.8919589013667115 0.898573482251465 0.9051880631362186
IFr_retrained: 0.04209713970141766 0.06725 0.09240286029858236
valid_IFr_retrained: 0.029243233950279685 0.050574999999999995 0.07190676604972031
