validity: 0.55 0.55 0.55
average_pairwise_L0_distance: 11.570023737413774 11.652168925172997 11.734314112932221
average_pairwise_L1_distance: 5.877836127373309 6.039781398615913 6.201726669858518
average_pairwise_binned_L0_distance: 10.285717199306939 10.5445699124839 10.80342262566086
accuracy_trained: 0.8920195238472133 0.8956098639831914 0.8992002041191696
IFr_trained: 0.10466023534221716 0.14755000000000001 0.19043976465778287
valid_IFr_trained: 0.08205557738497488 0.14131 0.2005644226150251
accuracy_retrained: 0.8917626343213025 0.8975340042021452 0.9033053740829879
IFr_retrained: 0.019491297085194904 0.06445999999999999 0.10942870291480508
valid_IFr_retrained: 0.015026042742461311 0.04621 0.0773939572575387
