validity: 0.4 0.4 0.4
average_pairwise_L0_distance: 11.623956492475154 11.717686259433567 11.81141602639198
average_pairwise_L1_distance: 5.923901008096966 6.137138555669296 6.350376103241626
average_pairwise_binned_L0_distance: 10.340249426416708 10.651037141695765 10.961824856974822
accuracy_trained: 0.8920195238472133 0.8956098639831914 0.8992002041191696
IFr_trained: 0.10466023534221716 0.14755000000000001 0.19043976465778287
valid_IFr_trained: 0.08205557738497488 0.14131 0.2005644226150251
accuracy_retrained: 0.8826997310852988 0.8922923808470641 0.9018850306088294
IFr_retrained: -0.028152810712723235 0.039085 0.10632281071272323
valid_IFr_retrained: -0.028216369291643277 0.03329 0.09479636929164328
