validity: 1.0 1.0 1.0
average_pairwise_L0_distance: 10.635998156031823 10.798949407935051 10.96190065983828
average_pairwise_L1_distance: 3.4111076990663745 3.5040401449490934 3.5969725908318124
average_pairwise_binned_L0_distance: 8.899464381797623 9.046999177048022 9.194533972298421
accuracy_trained: 0.8343596544787197 0.8385152771380315 0.8426708997973433
IFr_trained: 0.03322756140217737 0.059812500000000005 0.08639743859782265
valid_IFr_trained: 0.08464384653013597 0.1083375 0.13203115346986402
accuracy_retrained: 0.8313239202194038 0.8381698142177184 0.845015708216033
IFr_retrained: 0.013233251371104591 0.018543749999999998 0.023854248628895403
valid_IFr_retrained: 0.03167734193979045 0.04675 0.06182265806020955
