validity: 0.05 0.05 0.05
average_pairwise_L0_distance: 11.116048838598534 11.252787646510836 11.389526454423137
average_pairwise_L1_distance: 4.271076153493175 4.4874930320615585 4.703909910629942
average_pairwise_binned_L0_distance: 9.869775655491194 10.242623540204805 10.615471424918416
accuracy_trained: 0.8343596544787197 0.8385152771380315 0.8426708997973433
IFr_trained: 0.03322756140217737 0.059812500000000005 0.08639743859782265
valid_IFr_trained: 0.08464384653013597 0.1083375 0.13203115346986402
accuracy_retrained: 0.8346627690689202 0.836480884385076 0.8382989997012317
IFr_retrained: 0.0182376903581426 0.02073125 0.0232248096418574
valid_IFr_retrained: 0.029849960489534755 0.062025000000000004 0.09420003951046525
