validity: 0.95 0.95 0.95
average_pairwise_L0_distance: 10.67391934417648 10.83930239175584 11.0046854393352
average_pairwise_L1_distance: 3.48244885756165 3.5926552888057244 3.702861720049799
average_pairwise_binned_L0_distance: 8.973279271147982 9.151847037195775 9.330414803243569
accuracy_trained: 0.8343596544787197 0.8385152771380315 0.8426708997973433
IFr_trained: 0.03322756140217737 0.059812500000000005 0.08639743859782265
valid_IFr_trained: 0.08464384653013597 0.1083375 0.13203115346986402
accuracy_retrained: 0.7501136315724449 0.8176339628435437 0.8851542941146425
IFr_retrained: -0.00226120897499393 0.01281875 0.02789870897499393
valid_IFr_retrained: -0.006435122196668169 0.038425 0.08328512219666817
