validity: 0.8 0.8 0.8
average_pairwise_L0_distance: 10.810990712643516 10.952621226021341 11.094251739399166
average_pairwise_L1_distance: 3.67994294535996 3.832739211921563 3.985535478483166
average_pairwise_binned_L0_distance: 9.21550665266089 9.438377781005041 9.661248909349192
accuracy_trained: 0.8343596544787197 0.8385152771380315 0.8426708997973433
IFr_trained: 0.03322756140217737 0.059812500000000005 0.08639743859782265
valid_IFr_trained: 0.08464384653013597 0.1083375 0.13203115346986402
accuracy_retrained: 0.7488789471476557 0.8182097343773991 0.8875405216071425
IFr_retrained: -0.006786360990358984 0.016412500000000003 0.03961136099035899
valid_IFr_retrained: -0.013195891551212598 0.045825000000000005 0.1048458915512126
