validity: 0.6 0.6 0.6
average_pairwise_L0_distance: 10.9236037280574 11.071871631298624 11.220139534539848
average_pairwise_L1_distance: 3.899443585092922 4.107440992341521 4.315438399590121
average_pairwise_binned_L0_distance: 9.427525626025865 9.754989072567362 10.082452519108859
accuracy_trained: 0.8343596544787197 0.8385152771380315 0.8426708997973433
IFr_trained: 0.03322756140217737 0.059812500000000005 0.08639743859782265
valid_IFr_trained: 0.08464384653013597 0.1083375 0.13203115346986402
accuracy_retrained: 0.7488309892624065 0.8179026562260096 0.8869743231896126
IFr_retrained: -0.0037516258430984883 0.01184375 0.02743912584309849
valid_IFr_retrained: -0.012047032878331504 0.04483125 0.10170953287833151
