validity: 0.75 0.75 0.75
average_pairwise_L0_distance: 10.829790588636852 10.988991689011524 11.148192789386195
average_pairwise_L1_distance: 3.7361557603463025 3.9072368665102872 4.078317972674272
average_pairwise_binned_L0_distance: 9.250310493431451 9.535110059495768 9.819909625560085
accuracy_trained: 0.8343596544787197 0.8385152771380315 0.8426708997973433
IFr_trained: 0.03322756140217737 0.059812500000000005 0.08639743859782265
valid_IFr_trained: 0.08464384653013597 0.1083375 0.13203115346986402
accuracy_retrained: 0.8332356736979203 0.836596038691847 0.8399564036857736
IFr_retrained: 0.0075393133816282435 0.017856249999999997 0.028173186618371752
valid_IFr_retrained: 0.014589124035567821 0.052718749999999995 0.09084837596443217
