validity: 0.4 0.4 0.4
average_pairwise_L0_distance: 11.027509025607785 11.169876710695188 11.312244395782592
average_pairwise_L1_distance: 4.098859477099793 4.3007355364718265 4.50261159584386
average_pairwise_binned_L0_distance: 9.623639116176081 10.004705998339928 10.385772880503774
accuracy_trained: 0.8343596544787197 0.8385152771380315 0.8426708997973433
IFr_trained: 0.03322756140217737 0.059812500000000005 0.08639743859782265
valid_IFr_trained: 0.08464384653013597 0.1083375 0.13203115346986402
accuracy_retrained: 0.8263612248273281 0.8354828803930601 0.844604535958792
IFr_retrained: 0.014875409281627061 0.018412500000000002 0.021949590718372942
valid_IFr_retrained: 0.03589693449090532 0.05631875 0.07674056550909468
