validity: 0.0 0.0 0.0
average_pairwise_L0_distance: 11.166900692898311 11.264894309115876 11.36288792533344
average_pairwise_L1_distance: 4.292849580923046 4.495730447999468 4.6986113150758895
average_pairwise_binned_L0_distance: 9.90992603606372 10.259328461741 10.608730887418279
accuracy_trained: 0.8343596544787197 0.8385152771380315 0.8426708997973433
IFr_trained: 0.03322756140217737 0.059812500000000005 0.08639743859782265
valid_IFr_trained: 0.08464384653013597 0.1083375 0.13203115346986402
accuracy_retrained: 0.8233636874281753 0.8369031168432366 0.8504425462582978
IFr_retrained: 0.01987977518829994 0.02383125 0.027782724811700056
valid_IFr_retrained: 0.024638177210658162 0.07476875 0.12489932278934182
