validity: 0.9 0.9 0.9
average_pairwise_L0_distance: 10.715866014035832 10.879375253113816 11.0428844921918
average_pairwise_L1_distance: 3.557635305890688 3.6803220080887953 3.8030087102869023
average_pairwise_binned_L0_distance: 9.041465578611133 9.252987480975877 9.464509383340621
accuracy_trained: 0.8343596544787197 0.8385152771380315 0.8426708997973433
IFr_trained: 0.03322756140217737 0.059812500000000005 0.08639743859782265
valid_IFr_trained: 0.08464384653013597 0.1083375 0.13203115346986402
accuracy_retrained: 0.7436610541584104 0.8162904959312145 0.8889199377040186
IFr_retrained: -0.00596392388924831 0.0138 0.03356392388924831
valid_IFr_retrained: -0.012566572184908482 0.03730625 0.08717907218490847
