validity: 0.35 0.35 0.35
average_pairwise_L0_distance: 11.071042728718883 11.191960337729101 11.31287794673932
average_pairwise_L1_distance: 4.135226911661733 4.338322645109146 4.54141837855656
average_pairwise_binned_L0_distance: 9.715932406504093 10.05335314557749 10.390773884650885
accuracy_trained: 0.8343596544787197 0.8385152771380315 0.8426708997973433
IFr_trained: 0.03322756140217737 0.059812500000000005 0.08639743859782265
valid_IFr_trained: 0.08464384653013597 0.1083375 0.13203115346986402
accuracy_retrained: 0.8288441261685048 0.8369415016121604 0.845038877055816
IFr_retrained: 0.016269806005434394 0.0188125 0.021355193994565605
valid_IFr_retrained: 0.012261542770212935 0.049925 0.08758845722978706
