validity: 0.5 0.5 0.5
average_pairwise_L0_distance: 10.969738611204669 11.134036974984383 11.298335338764097
average_pairwise_L1_distance: 3.992608813213925 4.21749865578831 4.442388498362695
average_pairwise_binned_L0_distance: 9.553783691114633 9.903398779858573 10.253013868602514
accuracy_trained: 0.8343596544787197 0.8385152771380315 0.8426708997973433
IFr_trained: 0.03322756140217737 0.059812500000000005 0.08639743859782265
valid_IFr_trained: 0.08464384653013597 0.1083375 0.13203115346986402
accuracy_retrained: 0.8358627176527869 0.8382465837555658 0.8406304498583448
IFr_retrained: 0.005200915710030708 0.01578125 0.026361584289969292
valid_IFr_retrained: 0.008170577899848715 0.0495875 0.09100442210015128
