validity: 0.3 0.3 0.3
average_pairwise_L0_distance: 11.051940601949559 11.204763026432463 11.357585450915368
average_pairwise_L1_distance: 4.1646343781571655 4.373122540028958 4.58161070190075
average_pairwise_binned_L0_distance: 9.719835343311033 10.107144333025168 10.494453322739304
accuracy_trained: 0.8343596544787197 0.8385152771380315 0.8426708997973433
IFr_trained: 0.03322756140217737 0.059812500000000005 0.08639743859782265
valid_IFr_trained: 0.08464384653013597 0.1083375 0.13203115346986402
accuracy_retrained: 0.8295937990106079 0.8346384154767389 0.8396830319428699
IFr_retrained: 0.014510659447971726 0.01925625 0.024001840552028274
valid_IFr_retrained: 0.03310069961641282 0.05836875 0.08363680038358717
