validity: 0.45 0.45 0.45
average_pairwise_L0_distance: 10.999458706174517 11.14864348704943 11.297828267924343
average_pairwise_L1_distance: 4.055208590734277 4.265423893746093 4.47563919675791
average_pairwise_binned_L0_distance: 9.606086103261545 9.957049463310156 10.308012823358768
accuracy_trained: 0.8343596544787197 0.8385152771380315 0.8426708997973433
IFr_trained: 0.03322756140217737 0.059812500000000005 0.08639743859782265
valid_IFr_trained: 0.08464384653013597 0.1083375 0.13203115346986402
accuracy_retrained: 0.7489488965114798 0.816597574082604 0.8842462516537283
IFr_retrained: -0.002291522925580325 0.01398125 0.030254022925580326
valid_IFr_retrained: -0.00959422195768702 0.04990625 0.10940672195768703
