validity: 0.7 0.7 0.7
average_pairwise_L0_distance: 10.860956123716699 11.012287310600023 11.163618497483347
average_pairwise_L1_distance: 3.7891705224542367 3.9766574918901925 4.164144461326148
average_pairwise_binned_L0_distance: 9.318281087616024 9.608687220394096 9.899093353172168
accuracy_trained: 0.8343596544787197 0.8385152771380315 0.8426708997973433
IFr_trained: 0.03322756140217737 0.059812500000000005 0.08639743859782265
valid_IFr_trained: 0.08464384653013597 0.1083375 0.13203115346986402
accuracy_retrained: 0.8334091525355602 0.838093044679871 0.8427769368241818
IFr_retrained: 0.008522867330569348 0.01788125 0.027239632669430656
valid_IFr_retrained: 0.03270499241074802 0.050106250000000005 0.06750750758925199
