validity: 0.15 0.15 0.15
average_pairwise_L0_distance: 11.112348414963904 11.236957332832713 11.361566250701522
average_pairwise_L1_distance: 4.23350085532231 4.448785170602153 4.6640694858819955
average_pairwise_binned_L0_distance: 9.795275967922166 10.186504591174696 10.577733214427226
accuracy_trained: 0.8343596544787197 0.8385152771380315 0.8426708997973433
IFr_trained: 0.03322756140217737 0.059812500000000005 0.08639743859782265
valid_IFr_trained: 0.08464384653013597 0.1083375 0.13203115346986402
accuracy_retrained: 0.7438245682835869 0.814985413787809 0.8861462592920311
IFr_retrained: -0.0063420642201039955 0.0196 0.045542064220104
valid_IFr_retrained: -0.024189472112589733 0.048025 0.12023947211258973
