validity: 0.2 0.2 0.2
average_pairwise_L0_distance: 11.09958060915397 11.223763830493144 11.34794705183232
average_pairwise_L1_distance: 4.2088521436838775 4.429316731613045 4.649781319542212
average_pairwise_binned_L0_distance: 9.794754816924435 10.163171777351936 10.531588737779437
accuracy_trained: 0.8343596544787197 0.8385152771380315 0.8426708997973433
IFr_trained: 0.03322756140217737 0.059812500000000005 0.08639743859782265
valid_IFr_trained: 0.08464384653013597 0.1083375 0.13203115346986402
accuracy_retrained: 0.8301059203954634 0.8357899585444496 0.8414739966934358
IFr_retrained: 0.012869348766318645 0.02576875 0.03866815123368136
valid_IFr_retrained: 0.016415151343224743 0.06593125 0.11544734865677525
