validity: 0.85 0.85 0.85
average_pairwise_L0_distance: 10.756314886099755 10.9182251983881 11.080135510676445
average_pairwise_L1_distance: 3.601105450527045 3.7558579315769576 3.91061041262687
average_pairwise_binned_L0_distance: 9.110024364442161 9.349811559346408 9.589598754250655
accuracy_trained: 0.8343596544787197 0.8385152771380315 0.8426708997973433
IFr_trained: 0.03322756140217737 0.059812500000000005 0.08639743859782265
valid_IFr_trained: 0.08464384653013597 0.1083375 0.13203115346986402
accuracy_retrained: 0.7500256147429656 0.8169430370029171 0.8838604592628687
IFr_retrained: -0.00218158187312442 0.01051875 0.023219081873124423
valid_IFr_retrained: -0.004728993755019693 0.03293125 0.07059149375501969
