validity: 0.55 0.55 0.55
average_pairwise_L0_distance: 10.981699619865347 11.109486853430717 11.237274086996086
average_pairwise_L1_distance: 3.9512139760719864 4.165675768058716 4.380137560045447
average_pairwise_binned_L0_distance: 9.520144950973844 9.826072582711395 10.132000214448947
accuracy_trained: 0.8343596544787197 0.8385152771380315 0.8426708997973433
IFr_trained: 0.03322756140217737 0.059812500000000005 0.08639743859782265
valid_IFr_trained: 0.08464384653013597 0.1083375 0.13203115346986402
accuracy_retrained: 0.8342572842923547 0.8356748042376785 0.8370923241830023
IFr_retrained: 0.008784853754914192 0.015412499999999999 0.022040146245085806
valid_IFr_retrained: 0.03211606241737948 0.052706249999999996 0.07329643758262051
