validity: 0.65 0.65 0.65
average_pairwise_L0_distance: 10.907576690179326 11.046465498004018 11.18535430582871
average_pairwise_L1_distance: 3.8709607953093927 4.0405217381673175 4.210082681025242
average_pairwise_binned_L0_distance: 9.417066035626378 9.690152972249871 9.963239908873364
accuracy_trained: 0.8343596544787197 0.8385152771380315 0.8426708997973433
IFr_trained: 0.03322756140217737 0.059812500000000005 0.08639743859782265
valid_IFr_trained: 0.08464384653013597 0.1083375 0.13203115346986402
accuracy_retrained: 0.8274104972343561 0.8340242591739597 0.8406380211135633
IFr_retrained: 0.007103758481000137 0.0231875 0.03927124151899986
valid_IFr_retrained: 0.031958926524506534 0.0512375 0.07051607347549346
