validity: 0.1 0.1 0.1
average_pairwise_L0_distance: 11.13465257511228 11.2535822615476 11.372511947982918
average_pairwise_L1_distance: 4.260604804110692 4.471743424926737 4.682882045742783
average_pairwise_binned_L0_distance: 9.831684481721297 10.21189921258727 10.592113943453242
accuracy_trained: 0.8343596544787197 0.8385152771380315 0.8426708997973433
IFr_trained: 0.03322756140217737 0.059812500000000005 0.08639743859782265
valid_IFr_trained: 0.08464384653013597 0.1083375 0.13203115346986402
accuracy_retrained: 0.7492843329688952 0.814985413787809 0.8806864946067228
IFr_retrained: -0.0020633520534738548 0.0121875 0.026438352053473856
valid_IFr_retrained: -0.007246499479941215 0.049237500000000003 0.10572149947994122
