validity: 0.25 0.25 0.25
average_pairwise_L0_distance: 11.088963627465484 11.215629062366064 11.342294497266645
average_pairwise_L1_distance: 4.205431282914899 4.4204325666383895 4.6354338503618795
average_pairwise_binned_L0_distance: 9.765004362839182 10.136080776809992 10.507157190780802
accuracy_trained: 0.8343596544787197 0.8385152771380315 0.8426708997973433
IFr_trained: 0.03322756140217737 0.059812500000000005 0.08639743859782265
valid_IFr_trained: 0.08464384653013597 0.1083375 0.13203115346986402
accuracy_retrained: 0.835342245753993 0.8384001228312605 0.8414579999085281
IFr_retrained: 0.014979131512238614 0.020618749999999998 0.026258368487761384
valid_IFr_retrained: 0.03423243279591341 0.05729375 0.08035506720408658
