validity: 0.05 0.05 0.05
average_pairwise_L0_distance: 11.762639488755303 11.833723878623447 11.90480826849159
average_pairwise_L1_distance: 6.043062034911685 6.283358430792687 6.523654826673688
average_pairwise_binned_L0_distance: 10.392399644744284 10.809010497524376 11.225621350304468
accuracy_trained: 0.8924737478196759 0.8976667035275904 0.9028596592355048
IFr_trained: 0.01868557748725591 0.0851475 0.1516094225127441
valid_IFr_trained: 0.02295178977498579 0.056584999999999996 0.0902182102250142
accuracy_retrained: 0.8761827191397612 0.8928342364259647 0.9094857537121682
IFr_retrained: -0.011791082995225913 0.026215 0.06422108299522591
valid_IFr_retrained: -0.008100339371846583 0.017495000000000004 0.04309033937184659
