validity: 0.2 0.2 0.2
average_pairwise_L0_distance: 11.769411045477833 11.841373579148934 11.913336112820035
average_pairwise_L1_distance: 6.0192340300430915 6.272001246152696 6.5247684622623
average_pairwise_binned_L0_distance: 10.352038228276193 10.790554125793987 11.229070023311781
accuracy_trained: 0.8924737478196759 0.8976667035275904 0.9028596592355048
IFr_trained: 0.01868557748725591 0.0851475 0.1516094225127441
valid_IFr_trained: 0.02295178977498579 0.056584999999999996 0.0902182102250142
accuracy_retrained: 0.8738781389567635 0.8902576578569059 0.9066371767570484
IFr_retrained: -0.015367470970195862 0.019624999999999997 0.054617470970195856
valid_IFr_retrained: -0.008424805127479805 0.01139 0.031204805127479807
