validity: 0.2 0.2 0.2
average_pairwise_L0_distance: 11.81861702788921 11.841373579148934 11.864130130408657
average_pairwise_L1_distance: 6.19206923408006 6.272001246152696 6.351933258225332
average_pairwise_binned_L0_distance: 10.651883223159066 10.790554125793987 10.929225028428908
accuracy_trained: 0.8960245467450522 0.8976667035275904 0.8993088603101286
IFr_trained: 0.06413039471861075 0.0851475 0.10616460528138925
valid_IFr_trained: 0.04594924506656908 0.056584999999999996 0.06722075493343091
accuracy_retrained: 0.8850779991866833 0.8902576578569059 0.8954373165271285
IFr_retrained: 0.008559409077685907 0.019624999999999997 0.030690590922314086
valid_IFr_retrained: 0.005124008440478077 0.01139 0.017655991559521925
