validity: 0.55 0.55 0.55
average_pairwise_L0_distance: 11.719579133510667 11.749951393548198 11.780323653585729
average_pairwise_L1_distance: 6.056877881323212 6.135143546989514 6.213409212655817
average_pairwise_binned_L0_distance: 10.476727074428762 10.609174926906672 10.741622779384581
accuracy_trained: 0.8960245467450522 0.8976667035275904 0.8993088603101286
IFr_trained: 0.06413039471861075 0.0851475 0.10616460528138925
valid_IFr_trained: 0.04594924506656908 0.056584999999999996 0.06722075493343091
accuracy_retrained: 0.8854074779658483 0.8906557558332411 0.8959040337006339
IFr_retrained: 0.010069286877350814 0.025632500000000003 0.04119571312264919
valid_IFr_retrained: 0.0039502864292848255 0.01259 0.021229713570715174
