validity: 0.7 0.7 0.7
average_pairwise_L0_distance: 11.634351446565889 11.666280161711338 11.698208876856787
average_pairwise_L1_distance: 5.949600791992524 6.022146765392419 6.094692738792314
average_pairwise_binned_L0_distance: 10.33939472146972 10.462071234775284 10.584747748080847
accuracy_trained: 0.8960245467450522 0.8976667035275904 0.8993088603101286
IFr_trained: 0.06413039471861075 0.0851475 0.10616460528138925
valid_IFr_trained: 0.04594924506656908 0.056584999999999996 0.06722075493343091
accuracy_retrained: 0.8812855303656805 0.8860997456596262 0.890913960953572
IFr_retrained: 0.0002238416426317124 0.008924999999999999 0.017626158357368284
valid_IFr_retrained: -0.00015816256666711936 0.0058125 0.01178316256666712
