validity: 0.25 0.25 0.25
average_pairwise_L0_distance: 11.806987986088703 11.832957500575441 11.858927015062179
average_pairwise_L1_distance: 6.188183100206175 6.263820056914487 6.339457013622799
average_pairwise_binned_L0_distance: 10.64706926876029 10.779739006616357 10.912408744472422
accuracy_trained: 0.8960245467450522 0.8976667035275904 0.8993088603101286
IFr_trained: 0.06413039471861075 0.0851475 0.10616460528138925
valid_IFr_trained: 0.04594924506656908 0.056584999999999996 0.06722075493343091
accuracy_retrained: 0.8849139141551794 0.8907995134358068 0.8966851127164341
IFr_retrained: 0.009096496884820147 0.025179999999999998 0.041263503115179845
valid_IFr_retrained: 0.0060597370140212554 0.014802500000000001 0.023545262985978747
