validity: 0.8 0.8 0.8
average_pairwise_L0_distance: 11.560023299110469 11.595686820183063 11.631350341255658
average_pairwise_L1_distance: 5.868552004287018 5.937605093499116 6.006658182711213
average_pairwise_binned_L0_distance: 10.225510649775924 10.341898700236545 10.458286750697166
accuracy_trained: 0.8960245467450522 0.8976667035275904 0.8993088603101286
IFr_trained: 0.06413039471861075 0.0851475 0.10616460528138925
valid_IFr_trained: 0.04594924506656908 0.056584999999999996 0.06722075493343091
accuracy_retrained: 0.8887803693785665 0.8934977330531904 0.8982150967278142
IFr_retrained: 0.018115440011140904 0.030215000000000002 0.0423145599888591
valid_IFr_retrained: 0.011233574551411961 0.017575 0.02391642544858804
