validity: 0.35 0.35 0.35
average_pairwise_L0_distance: 11.799518953940815 11.82198995058548 11.844460947230147
average_pairwise_L1_distance: 6.155877797563208 6.231447318370578 6.307016839177948
average_pairwise_binned_L0_distance: 10.618036840818997 10.74334967016176 10.868662499504522
accuracy_trained: 0.8960245467450522 0.8976667035275904 0.8993088603101286
IFr_trained: 0.06413039471861075 0.0851475 0.10616460528138925
valid_IFr_trained: 0.04594924506656908 0.056584999999999996 0.06722075493343091
accuracy_retrained: 0.884664857069499 0.8894835784584764 0.8943022998474537
IFr_retrained: 0.00530387119780548 0.01483 0.024356128802194517
valid_IFr_retrained: 0.0035273246858953822 0.01029 0.01705267531410462
