validity: 1.0 1.0 1.0
average_pairwise_L0_distance: 11.36106741940444 11.411038684369046 11.461009949333652
average_pairwise_L1_distance: 5.643309752779325 5.7130195453965005 5.782729338013676
average_pairwise_binned_L0_distance: 9.929458753126141 10.043337549157405 10.157216345188669
accuracy_trained: 0.8960245467450522 0.8976667035275904 0.8993088603101286
IFr_trained: 0.06413039471861075 0.0851475 0.10616460528138925
valid_IFr_trained: 0.04594924506656908 0.056584999999999996 0.06722075493343091
accuracy_retrained: 0.8820444204308958 0.8879575362158576 0.8938706520008194
IFr_retrained: 0.0010195501956068095 0.00895 0.01688044980439319
valid_IFr_retrained: 0.0014404270058137082 0.008005000000000002 0.014569572994186295
