validity: 0.4 0.4 0.4
average_pairwise_L0_distance: 11.779846125244156 11.806450272049208 11.83305441885426
average_pairwise_L1_distance: 6.133917594006198 6.2080388817792596 6.282160169552321
average_pairwise_binned_L0_distance: 10.589692819715314 10.718162529200601 10.846632238685888
accuracy_trained: 0.8960245467450522 0.8976667035275904 0.8993088603101286
IFr_trained: 0.06413039471861075 0.0851475 0.10616460528138925
valid_IFr_trained: 0.04594924506656908 0.056584999999999996 0.06722075493343091
accuracy_retrained: 0.8841948282387998 0.8894393453499945 0.8946838624611891
IFr_retrained: 0.007750096090617015 0.021512499999999997 0.03527490390938298
valid_IFr_retrained: 0.00427930629218388 0.0123575 0.020435693707816123
