validity: 0.9 0.9 0.9
average_pairwise_L0_distance: 11.462831964595118 11.506525814066242 11.550219663537366
average_pairwise_L1_distance: 5.757175015430222 5.826005668216217 5.894836321002212
average_pairwise_binned_L0_distance: 10.084051343084079 10.197920880450166 10.311790417816253
accuracy_trained: 0.8960245467450522 0.8976667035275904 0.8993088603101286
IFr_trained: 0.06413039471861075 0.0851475 0.10616460528138925
valid_IFr_trained: 0.04594924506656908 0.056584999999999996 0.06722075493343091
accuracy_retrained: 0.8835965466337699 0.8894835784584763 0.8953706102831827
IFr_retrained: 0.006588048924345044 0.0260025 0.04541695107565496
valid_IFr_retrained: 0.0033923407656735478 0.014457500000000002 0.025522659234326457
