validity: 0.0 0.0 0.0
average_pairwise_L0_distance: 11.75646885402408 11.828131198240863 11.899793542457646
average_pairwise_L1_distance: 6.050447290689446 6.289862670907473 6.5292780511255
average_pairwise_binned_L0_distance: 10.410188836024645 10.816028008090464 11.221867180156284
accuracy_trained: 0.8924737478196759 0.8976667035275904 0.9028596592355048
IFr_trained: 0.01868557748725591 0.0851475 0.1516094225127441
valid_IFr_trained: 0.02295178977498579 0.056584999999999996 0.0902182102250142
accuracy_retrained: 0.875048182820423 0.8909653875926132 0.9068825923648035
IFr_retrained: -0.01594803617947562 0.0196075 0.05516303617947562
valid_IFr_retrained: -0.007433197081865661 0.012045000000000002 0.03152319708186566
