validity: 0.05 0.05 0.05
average_pairwise_L0_distance: 11.811245020816774 11.833723878623447 11.85620273643012
average_pairwise_L1_distance: 6.20737003834134 6.283358430792687 6.359346823244033
average_pairwise_binned_L0_distance: 10.677266578251357 10.809010497524376 10.940754416797395
accuracy_trained: 0.8960245467450522 0.8976667035275904 0.8993088603101286
IFr_trained: 0.06413039471861075 0.0851475 0.10616460528138925
valid_IFr_trained: 0.04594924506656908 0.056584999999999996 0.06722075493343091
accuracy_retrained: 0.8875685643137579 0.8928342364259647 0.8980999085381716
IFr_retrained: 0.014196421279369176 0.026215 0.03823357872063082
valid_IFr_retrained: 0.009401043009998142 0.017495000000000004 0.025588956990001865
