validity: 0.0 0.0 0.0
average_pairwise_L0_distance: 11.80546957522166 11.828131198240863 11.850792821260066
average_pairwise_L1_distance: 6.214152880071055 6.289862670907473 6.365572461743891
average_pairwise_binned_L0_distance: 10.687690393345967 10.816028008090464 10.944365622834962
accuracy_trained: 0.8960245467450522 0.8976667035275904 0.8993088603101286
IFr_trained: 0.06413039471861075 0.0851475 0.10616460528138925
valid_IFr_trained: 0.04594924506656908 0.056584999999999996 0.06722075493343091
accuracy_retrained: 0.885931925486271 0.8909653875926132 0.8959988496989555
IFr_retrained: 0.008363852224433569 0.0196075 0.030851147775566433
valid_IFr_retrained: 0.005885453250765932 0.012045000000000002 0.018204546749234073
