validity: 0.85 0.85 0.85
average_pairwise_L0_distance: 11.509087631365103 11.550168286065496 11.591248940765889
average_pairwise_L1_distance: 5.813118496004741 5.88013422196952 5.9471499479342995
average_pairwise_binned_L0_distance: 10.15573132619816 10.271603608876003 10.387475891553846
accuracy_trained: 0.8960245467450522 0.8976667035275904 0.8993088603101286
IFr_trained: 0.06413039471861075 0.0851475 0.10616460528138925
valid_IFr_trained: 0.04594924506656908 0.056584999999999996 0.06722075493343091
accuracy_retrained: 0.8877564579174944 0.8924693132809909 0.8971821686444874
IFr_retrained: 0.01137947569219243 0.0224975 0.03361552430780757
valid_IFr_retrained: 0.007430266989599017 0.01381 0.02018973301040098
