validity: 0.1 0.1 0.1
average_pairwise_L0_distance: 11.82032060024063 11.841575657105357 11.862830713970085
average_pairwise_L1_distance: 6.212383686816253 6.288350424598416 6.36431716238058
average_pairwise_binned_L0_distance: 10.682751657674434 10.813131271701495 10.943510885728557
accuracy_trained: 0.8960245467450522 0.8976667035275904 0.8993088603101286
IFr_trained: 0.06413039471861075 0.0851475 0.10616460528138925
valid_IFr_trained: 0.04594924506656908 0.056584999999999996 0.06722075493343091
accuracy_retrained: 0.8818948199611879 0.887260864757271 0.892626909553354
IFr_retrained: 0.003911529985250276 0.017305 0.030698470014749728
valid_IFr_retrained: 0.0017381687301788375 0.010265 0.01879183126982116
