validity: 0.45 0.45 0.45
average_pairwise_L0_distance: 11.769872037718782 11.793760498748721 11.81764895977866
average_pairwise_L1_distance: 6.120111094357601 6.19024452764193 6.260377960926259
average_pairwise_binned_L0_distance: 10.567740588328315 10.691484933224285 10.815229278120254
accuracy_trained: 0.8960245467450522 0.8976667035275904 0.8993088603101286
IFr_trained: 0.06413039471861075 0.0851475 0.10616460528138925
valid_IFr_trained: 0.04594924506656908 0.056584999999999996 0.06722075493343091
accuracy_retrained: 0.8834578356978564 0.8891960632533452 0.894934290808834
IFr_retrained: 0.005645228745021453 0.017865 0.030084771254978545
valid_IFr_retrained: 0.003602067250228799 0.0113 0.0189979327497712
