validity: 0.1499999999999999 0.14999999999999997 0.15000000000000002
average_pairwise_L0_distance: 11.775684643034145 11.841814404160809 11.907944165287473
average_pairwise_L1_distance: 6.036129250498972 6.280128419320729 6.524127588142486
average_pairwise_binned_L0_distance: 10.389633505426263 10.806799454922109 11.223965404417955
accuracy_trained: 0.8924737478196759 0.8976667035275904 0.9028596592355048
IFr_trained: 0.01868557748725591 0.0851475 0.1516094225127441
valid_IFr_trained: 0.02295178977498579 0.056584999999999996 0.0902182102250142
accuracy_retrained: 0.8719517804547179 0.8892513546389471 0.9065509288231763
IFr_retrained: -0.015033280743992766 0.012709999999999999 0.040453280743992764
valid_IFr_retrained: -0.010872971657589206 0.009734999999999999 0.0303429716575892
