validity: 0.9499999999999997 0.9499999999999998 0.95
average_pairwise_L0_distance: 11.414347970926089 11.46278943489184 11.511230898857592
average_pairwise_L1_distance: 5.702676706159567 5.774919838874597 5.847162971589627
average_pairwise_binned_L0_distance: 10.007684143679272 10.126028693723034 10.244373243766796
accuracy_trained: 0.8960245467450522 0.8976667035275904 0.8993088603101286
IFr_trained: 0.06413039471861075 0.0851475 0.10616460528138925
valid_IFr_trained: 0.04594924506656908 0.056584999999999996 0.06722075493343091
accuracy_retrained: 0.8840563693160798 0.8891739466991044 0.8942915240821291
IFr_retrained: 0.003498637466500431 0.018045 0.03259136253349956
valid_IFr_retrained: 0.002583591194868563 0.00836 0.014136408805131437
