validity: 0.8 0.8 0.8
average_pairwise_L0_distance: 11.482908864212252 11.595686820183063 11.708464776153875
average_pairwise_L1_distance: 5.719240052118085 5.937605093499116 6.155970134880146
average_pairwise_binned_L0_distance: 9.973847368354374 10.341898700236545 10.709950032118716
accuracy_trained: 0.8924737478196759 0.8976667035275904 0.9028596592355048
IFr_trained: 0.01868557748725591 0.0851475 0.1516094225127441
valid_IFr_trained: 0.02295178977498579 0.056584999999999996 0.0902182102250142
accuracy_retrained: 0.8785801192900374 0.8934977330531904 0.9084153468163433
IFr_retrained: -0.008047168250636293 0.030215000000000002 0.0684771682506363
valid_IFr_retrained: -0.0024783480296931976 0.017575 0.0376283480296932
