validity: 0.55 0.55 0.55
average_pairwise_L0_distance: 11.653905874142689 11.749951393548198 11.845996912953707
average_pairwise_L1_distance: 5.887645780894759 6.135143546989514 6.38264131308427
average_pairwise_binned_L0_distance: 10.190338041878501 10.609174926906672 11.028011811934842
accuracy_trained: 0.8924737478196759 0.8976667035275904 0.9028596592355048
IFr_trained: 0.01868557748725591 0.0851475 0.1516094225127441
valid_IFr_trained: 0.02295178977498579 0.056584999999999996 0.0902182102250142
accuracy_retrained: 0.8740592439788287 0.8906557558332411 0.9072522676876534
IFr_retrained: -0.023582701178192896 0.025632500000000003 0.0748477011781929
valid_IFr_retrained: -0.014731173214926181 0.01259 0.03991117321492618
