validity: 0.65 0.6500000000000001 0.6500000000000002
average_pairwise_L0_distance: 11.664956105394303 11.695446359046187 11.72593661269807
average_pairwise_L1_distance: 5.998639152105864 6.063724088613253 6.128809025120643
average_pairwise_binned_L0_distance: 10.396825245164328 10.51420520493068 10.63158516469703
accuracy_trained: 0.8960245467450522 0.8976667035275904 0.8993088603101286
IFr_trained: 0.06413039471861075 0.0851475 0.10616460528138925
valid_IFr_trained: 0.04594924506656908 0.056584999999999996 0.06722075493343091
accuracy_retrained: 0.8897343280083534 0.8936857237642375 0.8976371195201216
IFr_retrained: 0.01589200811840432 0.026500000000000003 0.037107991881595685
valid_IFr_retrained: 0.009703340089732452 0.01456 0.019416659910267548
