validity: 0.2999999999999999 0.29999999999999993 0.3
average_pairwise_L0_distance: 11.802077539793327 11.82685010602818 11.851622672263034
average_pairwise_L1_distance: 6.168045976675955 6.246735376959419 6.325424777242883
average_pairwise_binned_L0_distance: 10.627459501219228 10.759805525219033 10.892151549218838
accuracy_trained: 0.8960245467450522 0.8976667035275904 0.8993088603101286
IFr_trained: 0.06413039471861075 0.0851475 0.10616460528138925
valid_IFr_trained: 0.04594924506656908 0.056584999999999996 0.06722075493343091
accuracy_retrained: 0.8834004575316966 0.8884551586862767 0.8935098598408567
IFr_retrained: 0.005114677534063708 0.0160575 0.02700032246593629
valid_IFr_retrained: 0.0032904757604274755 0.010715 0.018139524239572526
