validity: 0.5 0.5 0.5
average_pairwise_L0_distance: 11.689413201469659 11.771485153606182 11.853557105742706
average_pairwise_L1_distance: 5.937470937736451 6.168038402773229 6.398605867810007
average_pairwise_binned_L0_distance: 10.239651683388978 10.648563599766884 11.057475516144791
accuracy_trained: 0.8924737478196759 0.8976667035275904 0.9028596592355048
IFr_trained: 0.01868557748725591 0.0851475 0.1516094225127441
valid_IFr_trained: 0.02295178977498579 0.056584999999999996 0.0902182102250142
accuracy_retrained: 0.8702856570628414 0.8892292380847066 0.9081728191065717
IFr_retrained: -0.022477774656283915 0.021767500000000002 0.06601277465628391
valid_IFr_retrained: -0.012758949021430288 0.012565000000000002 0.03788894902143029
