validity: 0.5 0.5 0.5
average_pairwise_L0_distance: 11.745531723529409 11.771485153606182 11.797438583682956
average_pairwise_L1_distance: 6.095126568388483 6.168038402773229 6.240950237157975
average_pairwise_binned_L0_distance: 10.519254297953035 10.648563599766884 10.777872901580734
accuracy_trained: 0.8960245467450522 0.8976667035275904 0.8993088603101286
IFr_trained: 0.06413039471861075 0.0851475 0.10616460528138925
valid_IFr_trained: 0.04594924506656908 0.056584999999999996 0.06722075493343091
accuracy_retrained: 0.8832387517778032 0.8892292380847066 0.8952197243916099
IFr_retrained: 0.007775915638641924 0.021767500000000002 0.03575908436135808
valid_IFr_retrained: 0.004556864174228813 0.012565000000000002 0.02057313582577119
