validity: 0.14999999999999994 0.14999999999999997 0.15
average_pairwise_L0_distance: 11.820902337532496 11.841814404160809 11.862726470789122
average_pairwise_L1_distance: 6.202969107254259 6.280128419320729 6.357287731387198
average_pairwise_binned_L0_distance: 10.674879998654744 10.806799454922109 10.938718911189474
accuracy_trained: 0.8960245467450522 0.8976667035275904 0.8993088603101286
IFr_trained: 0.06413039471861075 0.0851475 0.10616460528138925
valid_IFr_trained: 0.04594924506656908 0.056584999999999996 0.06722075493343091
accuracy_retrained: 0.8837807489416257 0.8892513546389471 0.8947219603362685
IFr_retrained: 0.003936804308349209 0.012709999999999999 0.02148319569165079
valid_IFr_retrained: 0.0032181871605822523 0.009734999999999999 0.016251812839417745
