validity: 0.5999999999999998 0.5999999999999999 0.6
average_pairwise_L0_distance: 11.696646316646813 11.72665751673678 11.756668716826749
average_pairwise_L1_distance: 6.0270625645357905 6.097744516565224 6.1684264685946575
average_pairwise_binned_L0_distance: 10.446438468039306 10.567426637315062 10.688414806590819
accuracy_trained: 0.8960245467450522 0.8976667035275904 0.8993088603101286
IFr_trained: 0.06413039471861075 0.0851475 0.10616460528138925
valid_IFr_trained: 0.04594924506656908 0.056584999999999996 0.06722075493343091
accuracy_retrained: 0.8813268062882191 0.8861329204909876 0.890939034693756
IFr_retrained: -0.00016740745591759323 0.012480000000000002 0.025127407455917596
valid_IFr_retrained: 0.00020145445163320327 0.007602500000000001 0.015003545548366798
