validity: 0.85 0.85 0.85
average_pairwise_L0_distance: 11.42025984944135 11.550168286065496 11.680076722689641
average_pairwise_L1_distance: 5.668211888871133 5.88013422196952 6.0920565550679076
average_pairwise_binned_L0_distance: 9.90518327793114 10.271603608876003 10.638023939820865
accuracy_trained: 0.8924737478196759 0.8976667035275904 0.9028596592355048
IFr_trained: 0.01868557748725591 0.0851475 0.1516094225127441
valid_IFr_trained: 0.02295178977498579 0.056584999999999996 0.0902182102250142
accuracy_retrained: 0.8775659560494009 0.8924693132809909 0.9073726705125809
IFr_retrained: -0.01266077989378889 0.0224975 0.057655779893788894
valid_IFr_retrained: -0.006364487176629793 0.01381 0.03398448717662979
