validity: 0.75 0.75 0.75
average_pairwise_L0_distance: 11.595084284802958 11.629834872741698 11.664585460680438
average_pairwise_L1_distance: 5.911532487793988 5.983790023309728 6.056047558825469
average_pairwise_binned_L0_distance: 10.28424804224582 10.404111958901225 10.523975875556632
accuracy_trained: 0.8960245467450522 0.8976667035275904 0.8993088603101286
IFr_trained: 0.06413039471861075 0.0851475 0.10616460528138925
valid_IFr_trained: 0.04594924506656908 0.056584999999999996 0.06722075493343091
accuracy_retrained: 0.8822545869164934 0.8873161561428728 0.8923777253692523
IFr_retrained: 0.003858588327449392 0.017499999999999998 0.031141411672550606
valid_IFr_retrained: 0.0015182712092295138 0.0098475 0.018176728790770487
