validity: 0.05 0.05 0.05
average_pairwise_L0_distance: 10.793595492501805 10.900447251375818 11.007299010249831
average_pairwise_L1_distance: 3.739119833328786 3.986935538742973 4.2347512441571595
average_pairwise_binned_L0_distance: 9.30197806383648 9.68996600747859 10.077953951120701
accuracy_trained: 0.8112984018192355 0.8344695224934746 0.8576406431677137
IFr_trained: 0.002859171583463593 0.007749999999999998 0.012640828416536402
valid_IFr_trained: 0.008948670623879017 0.031925 0.05490132937612099
accuracy_retrained: 0.42229975700985123 0.7665438354061108 1.1107879138023704
IFr_retrained: -0.0008955116378125171 0.004767499999999999 0.010430511637812515
valid_IFr_retrained: -0.006507671162705127 0.0192775 0.045062671162705126
