validity: 0.45 0.45 0.45
average_pairwise_L0_distance: 10.774892840207809 10.817835506422451 10.860778172637094
average_pairwise_L1_distance: 3.7053166866301606 3.7741085520264868 3.842900417422813
average_pairwise_binned_L0_distance: 9.34693676543008 9.449475235285158 9.552013705140237
accuracy_trained: 0.8271421707665534 0.8344695224934746 0.8417968742203958
IFr_trained: 0.006203384255867022 0.007749999999999998 0.009296615744132975
valid_IFr_trained: 0.024659246690122216 0.031925 0.039190753309877785
accuracy_retrained: 0.8377909311590571 0.8394595424535544 0.8411281537480516
IFr_retrained: 0.004750231015323331 0.0055125 0.006274768984676669
valid_IFr_retrained: 0.019215806942798386 0.02396 0.02870419305720161
