validity: 0.4 0.4 0.4
average_pairwise_L0_distance: 10.797346876749925 10.837720127846831 10.878093378943737
average_pairwise_L1_distance: 3.7389102817277053 3.811103386221282 3.883296490714859
average_pairwise_binned_L0_distance: 9.399225330479853 9.506515489089688 9.613805647699524
accuracy_trained: 0.8271421707665534 0.8344695224934746 0.8417968742203958
IFr_trained: 0.006203384255867022 0.007749999999999998 0.009296615744132975
valid_IFr_trained: 0.024659246690122216 0.031925 0.039190753309877785
accuracy_retrained: 0.8331923037616985 0.8360356210655612 0.8388789383694238
IFr_retrained: 0.004315219725324674 0.00513 0.005944780274675326
valid_IFr_retrained: 0.020035652148925998 0.023155 0.026274347851074
