validity: 0.9 0.9 0.9
average_pairwise_L0_distance: 10.399277046679588 10.584939034253457 10.770601021827327
average_pairwise_L1_distance: 3.079183575243471 3.290798228793053 3.502412882342635
average_pairwise_binned_L0_distance: 8.620941242374224 8.919931023164269 9.218920803954314
accuracy_trained: 0.8112984018192355 0.8344695224934746 0.8576406431677137
IFr_trained: 0.002859171583463593 0.007749999999999998 0.012640828416536402
valid_IFr_trained: 0.008948670623879017 0.031925 0.05490132937612099
accuracy_retrained: 0.7456072624024621 0.813281130047597 0.8809549976927318
IFr_retrained: -0.0021516439329280846 0.0038325 0.009816643932928085
valid_IFr_retrained: -0.008139892735496097 0.014707500000000002 0.0375548927354961
