validity: 0.75 0.75 0.75
average_pairwise_L0_distance: 10.627737789805286 10.679273771446045 10.730809753086804
average_pairwise_L1_distance: 3.421760396966412 3.485363253669432 3.548966110372452
average_pairwise_binned_L0_distance: 9.03389870166131 9.128221821569369 9.222544941477429
accuracy_trained: 0.8271421707665534 0.8344695224934746 0.8417968742203958
IFr_trained: 0.006203384255867022 0.007749999999999998 0.009296615744132975
valid_IFr_trained: 0.024659246690122216 0.031925 0.039190753309877785
accuracy_retrained: 0.8148370949661647 0.8304007369875634 0.8459643790089622
IFr_retrained: 0.0036746774397541085 0.00521 0.006745322560245892
valid_IFr_retrained: 0.013908430698142196 0.018967499999999998 0.0240265693018578
