validity: 0.2999999999999999 0.29999999999999993 0.3
average_pairwise_L0_distance: 10.827338013581787 10.864044673186523 10.900751332791259
average_pairwise_L1_distance: 3.8122917795701428 3.8818708756268867 3.9514499716836307
average_pairwise_binned_L0_distance: 9.455989513346587 9.563914205190148 9.671838897033709
accuracy_trained: 0.8271421707665534 0.8344695224934746 0.8417968742203958
IFr_trained: 0.006203384255867022 0.007749999999999998 0.009296615744132975
valid_IFr_trained: 0.024659246690122216 0.031925 0.039190753309877785
accuracy_retrained: 0.8172677835650818 0.8300475971134654 0.8428274106618491
IFr_retrained: 0.0031639688357509477 0.00433 0.005496031164249052
valid_IFr_retrained: 0.01622646851980056 0.022867500000000002 0.029508531480199444
