validity: 0.35 0.35 0.35
average_pairwise_L0_distance: 10.81565200008825 10.851763325151044 10.887874650213838
average_pairwise_L1_distance: 3.783478668949653 3.854086446847217 3.924694224744781
average_pairwise_binned_L0_distance: 9.426588866206558 9.537388113361931 9.648187360517305
accuracy_trained: 0.8271421707665534 0.8344695224934746 0.8417968742203958
IFr_trained: 0.006203384255867022 0.007749999999999998 0.009296615744132975
valid_IFr_trained: 0.024659246690122216 0.031925 0.039190753309877785
accuracy_retrained: 0.8095836199033384 0.8250268693382466 0.8404701187731549
IFr_retrained: 0.0031571946596363684 0.004350000000000001 0.005542805340363633
valid_IFr_retrained: 0.011966847432045286 0.01688 0.021793152567954714
