validity: 0.9 0.9 0.9
average_pairwise_L0_distance: 10.526227558688726 10.584939034253457 10.643650509818189
average_pairwise_L1_distance: 3.2238797996446418 3.290798228793053 3.3577166579414643
average_pairwise_binned_L0_distance: 8.825382152723169 8.919931023164269 9.014479893605369
accuracy_trained: 0.8271421707665534 0.8344695224934746 0.8417968742203958
IFr_trained: 0.006203384255867022 0.007749999999999998 0.009296615744132975
valid_IFr_trained: 0.024659246690122216 0.031925 0.039190753309877785
accuracy_retrained: 0.7918807740644568 0.813281130047597 0.8346814860307371
IFr_retrained: 0.0019401475325669375 0.0038325 0.005724852467433063
valid_IFr_retrained: 0.007482520035944739 0.014707500000000002 0.021932479964055264
