validity: 0.5999999999999998 0.5999999999999999 0.6
average_pairwise_L0_distance: 10.70966330648405 10.757871588793213 10.806079871102376
average_pairwise_L1_distance: 3.573089219466496 3.6450891147893607 3.7170890101122254
average_pairwise_binned_L0_distance: 9.210441311471582 9.31300087018021 9.415560428888837
accuracy_trained: 0.8271421707665534 0.8344695224934746 0.8417968742203958
IFr_trained: 0.006203384255867022 0.007749999999999998 0.009296615744132975
valid_IFr_trained: 0.024659246690122216 0.031925 0.039190753309877785
accuracy_retrained: 0.8151013852012642 0.8295562720712419 0.8440111589412197
IFr_retrained: 0.00351922456756679 0.0047025 0.00588577543243321
valid_IFr_retrained: 0.015214365076305175 0.0197175 0.024220634923694823
