validity: 0.5 0.5 0.5
average_pairwise_L0_distance: 10.670896898327285 10.803533970678352 10.936171043029418
average_pairwise_L1_distance: 3.520960815010906 3.7439152698782947 3.9668697247456834
average_pairwise_binned_L0_distance: 9.096234981341622 9.41147953069304 9.726724080044457
accuracy_trained: 0.8112984018192355 0.8344695224934746 0.8576406431677137
IFr_trained: 0.002859171583463593 0.007749999999999998 0.012640828416536402
valid_IFr_trained: 0.008948670623879017 0.031925 0.05490132937612099
accuracy_retrained: 0.7576229761231195 0.8219100261016429 0.8861970760801663
IFr_retrained: -0.0012701737886491272 0.0045975 0.010465173788649126
valid_IFr_retrained: -0.0011973848082885291 0.01622 0.033637384808288526
