validity: 0.7 0.7 0.7
average_pairwise_L0_distance: 10.6539719877304 10.703852997398904 10.753734007067408
average_pairwise_L1_distance: 3.4578214854064058 3.525298270008333 3.59277505461026
average_pairwise_binned_L0_distance: 9.090262518776973 9.187757379116384 9.285252239455795
accuracy_trained: 0.8271421707665534 0.8344695224934746 0.8417968742203958
IFr_trained: 0.006203384255867022 0.007749999999999998 0.009296615744132975
valid_IFr_trained: 0.024659246690122216 0.031925 0.039190753309877785
accuracy_retrained: 0.8359985337385698 0.8379241516966068 0.8398497696546439
IFr_retrained: 0.004291270645486775 0.005615 0.0069387293545132255
valid_IFr_retrained: 0.019409256405387886 0.022095 0.024780743594612114
