validity: 0.05 0.05 0.05
average_pairwise_L0_distance: 10.866657758372119 10.900447251375818 10.934236744379517
average_pairwise_L1_distance: 3.908569331835958 3.986935538742973 4.065301745649988
average_pairwise_binned_L0_distance: 9.56727344681918 9.68996600747859 9.812658568138001
accuracy_trained: 0.8271421707665534 0.8344695224934746 0.8417968742203958
IFr_trained: 0.006203384255867022 0.007749999999999998 0.009296615744132975
valid_IFr_trained: 0.024659246690122216 0.031925 0.039190753309877785
accuracy_retrained: 0.6576842995303365 0.7665438354061108 0.8754033712818852
IFr_retrained: 0.0029766984808471926 0.004767499999999999 0.006558301519152806
valid_IFr_retrained: 0.011123512926855966 0.0192775 0.027431487073144033
