validity: 1.0 1.0 1.0
average_pairwise_L0_distance: 10.446282920334403 10.512860248113528 10.579437575892653
average_pairwise_L1_distance: 3.08435612145895 3.1521978313516685 3.220039541244387
average_pairwise_binned_L0_distance: 8.661192632112183 8.764689338580391 8.8681860450486
accuracy_trained: 0.8271421707665534 0.8344695224934746 0.8417968742203958
IFr_trained: 0.006203384255867022 0.007749999999999998 0.009296615744132975
valid_IFr_trained: 0.024659246690122216 0.031925 0.039190753309877785
accuracy_retrained: 0.8013385569835032 0.8217871948410871 0.842235832698671
IFr_retrained: 0.0031999844079112364 0.004985 0.006770015592088763
valid_IFr_retrained: 0.01190724515651813 0.0194975 0.027087754843481873
