validity: 0.9499999999999997 0.9499999999999998 0.95
average_pairwise_L0_distance: 10.487462363560248 10.55110779726336 10.614753230966471
average_pairwise_L1_distance: 3.15906273982826 3.226289624265418 3.293516508702576
average_pairwise_binned_L0_distance: 8.749551183380387 8.846959269190306 8.944367355000225
accuracy_trained: 0.8271421707665534 0.8344695224934746 0.8417968742203958
IFr_trained: 0.006203384255867022 0.007749999999999998 0.009296615744132975
valid_IFr_trained: 0.024659246690122216 0.031925 0.039190753309877785
accuracy_retrained: 0.8141091235032843 0.8294641486258252 0.844819173748366
IFr_retrained: 0.0033696997432453436 0.0046725000000000004 0.005975300256754657
valid_IFr_retrained: 0.014502674731356632 0.021535 0.028567325268643366
