validity: 0.2 0.2 0.2
average_pairwise_L0_distance: 10.854797707579177 10.887042343653883 10.91928697972859
average_pairwise_L1_distance: 3.855530307381692 3.9282423487078915 4.0009543900340905
average_pairwise_binned_L0_distance: 9.510253538632044 9.625004988482214 9.739756438332384
accuracy_trained: 0.8271421707665534 0.8344695224934746 0.8417968742203958
IFr_trained: 0.006203384255867022 0.007749999999999998 0.009296615744132975
valid_IFr_trained: 0.024659246690122216 0.031925 0.039190753309877785
accuracy_retrained: 0.8327937815225454 0.8352986335022263 0.8378034854819073
IFr_retrained: 0.004205278266735928 0.004920000000000001 0.005634721733264073
valid_IFr_retrained: 0.02022674940288378 0.02203 0.02383325059711622
