validity: 0.75 0.75 0.75
average_pairwise_L0_distance: 10.516302688008626 10.679273771446045 10.842244854883464
average_pairwise_L1_distance: 3.2842333607945813 3.485363253669432 3.686493146544283
average_pairwise_binned_L0_distance: 8.82994592664673 9.128221821569369 9.426497716492008
accuracy_trained: 0.8112984018192355 0.8344695224934746 0.8576406431677137
IFr_trained: 0.002859171583463593 0.007749999999999998 0.012640828416536402
valid_IFr_trained: 0.008948670623879017 0.031925 0.05490132937612099
accuracy_retrained: 0.7811841795124365 0.8304007369875634 0.8796172944626904
IFr_retrained: 0.00035488376658189633 0.00521 0.010065116233418103
valid_IFr_retrained: 0.0029693181654914316 0.018967499999999998 0.034965681834508565
