validity: 0.85 0.85 0.85
average_pairwise_L0_distance: 10.556672563217589 10.617762774942117 10.678852986666644
average_pairwise_L1_distance: 3.291886502562611 3.3600546366532478 3.4282227707438846
average_pairwise_binned_L0_distance: 8.89399511486764 8.993184611624521 9.092374108381403
accuracy_trained: 0.8271421707665534 0.8344695224934746 0.8417968742203958
IFr_trained: 0.006203384255867022 0.007749999999999998 0.009296615744132975
valid_IFr_trained: 0.024659246690122216 0.031925 0.039190753309877785
accuracy_retrained: 0.7721875007659696 0.7968985106709657 0.8216095205759618
IFr_retrained: 0.000970582811547848 0.0028174999999999997 0.004664417188452151
valid_IFr_retrained: 0.004728732174334352 0.0146775 0.024626267825665647
