validity: 0.8 0.8 0.8
average_pairwise_L0_distance: 10.592290823732114 10.648294883647342 10.70429894356257
average_pairwise_L1_distance: 3.355234193197151 3.421222950160439 3.487211707123727
average_pairwise_binned_L0_distance: 8.96732551570824 9.060075612402606 9.152825709096973
accuracy_trained: 0.8271421707665534 0.8344695224934746 0.8417968742203958
IFr_trained: 0.006203384255867022 0.007749999999999998 0.009296615744132975
valid_IFr_trained: 0.024659246690122216 0.031925 0.039190753309877785
accuracy_retrained: 0.802887716779803 0.8225088284968525 0.842129940213902
IFr_retrained: 0.002713989849391504 0.004642499999999999 0.006571010150608494
valid_IFr_retrained: 0.01285346855466603 0.019480000000000004 0.02610653144533398
