validity: 0.14999999999999994 0.14999999999999997 0.15
average_pairwise_L0_distance: 10.857445420147519 10.891502932282979 10.925560444418439
average_pairwise_L1_distance: 3.8645272391129373 3.951337596931011 4.038147954749085
average_pairwise_binned_L0_distance: 9.530175919244092 9.650812384659798 9.771448850075503
accuracy_trained: 0.8271421707665534 0.8344695224934746 0.8417968742203958
IFr_trained: 0.006203384255867022 0.007749999999999998 0.009296615744132975
valid_IFr_trained: 0.024659246690122216 0.031925 0.039190753309877785
accuracy_retrained: 0.834311740323545 0.8368186703516045 0.839325600379664
IFr_retrained: 0.004372405455553289 0.0056500000000000005 0.006927594544446712
valid_IFr_retrained: 0.022290915307413853 0.0273675 0.032444084692586146
