validity: 0.5 0.5 0.5
average_pairwise_L0_distance: 10.761590445597761 10.803533970678352 10.845477495758942
average_pairwise_L1_distance: 3.6734108806920784 3.7439152698782947 3.814419659064511
average_pairwise_binned_L0_distance: 9.311790451102656 9.41147953069304 9.511168610283423
accuracy_trained: 0.8271421707665534 0.8344695224934746 0.8417968742203958
IFr_trained: 0.006203384255867022 0.007749999999999998 0.009296615744132975
valid_IFr_trained: 0.024659246690122216 0.031925 0.039190753309877785
accuracy_retrained: 0.8015806759031215 0.8219100261016429 0.8422393763001642
IFr_retrained: 0.002741978626099931 0.0045975 0.006453021373900069
valid_IFr_retrained: 0.010712139312219307 0.01622 0.021727860687780688
