validity: 0.65 0.6500000000000001 0.6500000000000002
average_pairwise_L0_distance: 10.68854590458147 10.737515629593682 10.786485354605894
average_pairwise_L1_distance: 3.538022760074849 3.600017358360778 3.6620119566467073
average_pairwise_binned_L0_distance: 9.166352982215932 9.25970746831871 9.35306195442149
accuracy_trained: 0.8271421707665534 0.8344695224934746 0.8417968742203958
IFr_trained: 0.006203384255867022 0.007749999999999998 0.009296615744132975
valid_IFr_trained: 0.024659246690122216 0.031925 0.039190753309877785
accuracy_retrained: 0.8017140088228889 0.8198065407646246 0.8378990727063602
IFr_retrained: 0.0023127363701552456 0.00399 0.005667263629844753
valid_IFr_retrained: 0.010102388104443326 0.0157875 0.021472611895556673
