validity: 0.0 0.0 0.0
average_pairwise_L0_distance: 10.874175663850584 10.904097167368597 10.93401867088661
average_pairwise_L1_distance: 3.9172866751088717 3.992812915370884 4.068339155632896
average_pairwise_binned_L0_distance: 9.574238847817501 9.700018655152423 9.825798462487345
accuracy_trained: 0.8271421707665534 0.8344695224934746 0.8417968742203958
IFr_trained: 0.006203384255867022 0.007749999999999998 0.009296615744132975
valid_IFr_trained: 0.024659246690122216 0.031925 0.039190753309877785
accuracy_retrained: 0.8328425913912642 0.8350069092584063 0.8371712271255484
IFr_retrained: 0.0036325205995843633 0.004325 0.0050174794004156364
valid_IFr_retrained: 0.020265533441481024 0.023695 0.027124466558518977
