validity: 0.1 0.1 0.1
average_pairwise_L0_distance: 10.868958133371192 10.900477241304397 10.931996349237602
average_pairwise_L1_distance: 3.8946846492252014 3.968611830219024 4.042539011212846
average_pairwise_binned_L0_distance: 9.558084687978155 9.671032798827797 9.783980909677439
accuracy_trained: 0.8271421707665534 0.8344695224934746 0.8417968742203958
IFr_trained: 0.006203384255867022 0.007749999999999998 0.009296615744132975
valid_IFr_trained: 0.024659246690122216 0.031925 0.039190753309877785
accuracy_retrained: 0.8135888152032922 0.8285429141716566 0.843497013140021
IFr_retrained: 0.003431227093829663 0.004665000000000001 0.0058987729061703385
valid_IFr_retrained: 0.017187181396375692 0.023187500000000003 0.029187818603624315
