validity: 0.35 0.35 0.35
average_pairwise_L0_distance: 10.737569288625892 10.851763325151044 10.965957361676196
average_pairwise_L1_distance: 3.6308050481676197 3.854086446847217 4.0773678455268145
average_pairwise_binned_L0_distance: 9.18701012931902 9.537388113361931 9.887766097404842
accuracy_trained: 0.8112984018192355 0.8344695224934746 0.8576406431677137
IFr_trained: 0.002859171583463593 0.007749999999999998 0.012640828416536402
valid_IFr_trained: 0.008948670623879017 0.031925 0.05490132937612099
accuracy_retrained: 0.7761910266498284 0.8250268693382466 0.8738627120266649
IFr_retrained: 0.0005780183192385471 0.004350000000000001 0.008121981680761454
valid_IFr_retrained: 0.0013432473933579023 0.01688 0.0324167526066421
