validity: 0.45 0.45 0.45
average_pairwise_L0_distance: 10.682038872383817 10.817835506422451 10.953632140461085
average_pairwise_L1_distance: 3.5565695728823745 3.7741085520264868 3.991647531170599
average_pairwise_binned_L0_distance: 9.125220122754595 9.449475235285158 9.773730347815722
accuracy_trained: 0.8112984018192355 0.8344695224934746 0.8576406431677137
IFr_trained: 0.002859171583463593 0.007749999999999998 0.012640828416536402
valid_IFr_trained: 0.008948670623879017 0.031925 0.05490132937612099
accuracy_retrained: 0.8341829302334609 0.8394595424535544 0.8447361546736478
IFr_retrained: 0.0031019938187177363 0.0055125 0.007923006181282263
valid_IFr_retrained: 0.00895754427968541 0.02396 0.038962455720314586
