validity: 0.5999999999999996 0.5999999999999999 0.6000000000000001
average_pairwise_L0_distance: 10.605423614611857 10.757871588793213 10.91031956297457
average_pairwise_L1_distance: 3.4174054542754035 3.6450891147893607 3.872772775303318
average_pairwise_binned_L0_distance: 8.988679068839192 9.31300087018021 9.637322671521227
accuracy_trained: 0.8112984018192355 0.8344695224934746 0.8576406431677137
IFr_trained: 0.002859171583463593 0.007749999999999998 0.012640828416536402
valid_IFr_trained: 0.008948670623879017 0.031925 0.05490132937612099
accuracy_retrained: 0.7838459062420501 0.8295562720712419 0.8752666379004338
IFr_retrained: 0.0009606545341903816 0.0047025 0.008444345465809619
valid_IFr_retrained: 0.005477337030075816 0.0197175 0.03395766296992418
