validity: 0.85 0.85 0.85
average_pairwise_L0_distance: 10.424578563150689 10.617762774942117 10.810946986733544
average_pairwise_L1_distance: 3.1444880690830646 3.3600546366532478 3.575621204223431
average_pairwise_binned_L0_distance: 8.67951988190689 8.993184611624521 9.306849341342152
accuracy_trained: 0.8112984018192355 0.8344695224934746 0.8576406431677137
IFr_trained: 0.002859171583463593 0.007749999999999998 0.012640828416536402
valid_IFr_trained: 0.008948670623879017 0.031925 0.05490132937612099
accuracy_retrained: 0.7187554360881969 0.7968985106709657 0.8750415852537345
IFr_retrained: -0.0030229649652232325 0.0028174999999999997 0.008657964965223232
valid_IFr_retrained: -0.016783266241304422 0.0146775 0.04613826624130442
