validity: 0.2 0.2 0.2
average_pairwise_L0_distance: 10.78507585133458 10.887042343653883 10.989008835973186
average_pairwise_L1_distance: 3.698306684796811 3.9282423487078915 4.158178012618972
average_pairwise_binned_L0_distance: 9.262129042149091 9.625004988482214 9.987880934815337
accuracy_trained: 0.8112984018192355 0.8344695224934746 0.8576406431677137
IFr_trained: 0.002859171583463593 0.007749999999999998 0.012640828416536402
valid_IFr_trained: 0.008948670623879017 0.031925 0.05490132937612099
accuracy_retrained: 0.8273775960448526 0.8352986335022263 0.8432196709596
IFr_retrained: 0.0026598514296622008 0.004920000000000001 0.0071801485703378
valid_IFr_retrained: 0.01632762092105409 0.02203 0.02773237907894591
