validity: 0.1 0.1 0.1
average_pairwise_L0_distance: 10.80080507041879 10.900477241304397 11.000149412190005
average_pairwise_L1_distance: 3.734833557283035 3.968611830219024 4.202390103155013
average_pairwise_binned_L0_distance: 9.31385951112975 9.671032798827797 10.028206086525843
accuracy_trained: 0.8112984018192355 0.8344695224934746 0.8576406431677137
IFr_trained: 0.002859171583463593 0.007749999999999998 0.012640828416536402
valid_IFr_trained: 0.008948670623879017 0.031925 0.05490132937612099
accuracy_retrained: 0.7812539010760509 0.8285429141716566 0.8758319272672623
IFr_retrained: 0.0007634675010965244 0.004665000000000001 0.008566532498903478
valid_IFr_retrained: 0.004212826525866121 0.023187500000000003 0.04216217347413388
