validity: 0.55 0.55 0.55
average_pairwise_L0_distance: 10.742760317630946 10.784159178039816 10.825558038448687
average_pairwise_L1_distance: 3.621844822672528 3.6861687184383443 3.7504926142041604
average_pairwise_binned_L0_distance: 9.266881127938294 9.361176974819085 9.455472821699875
accuracy_trained: 0.8271421707665534 0.8344695224934746 0.8417968742203958
IFr_trained: 0.006203384255867022 0.007749999999999998 0.009296615744132975
valid_IFr_trained: 0.024659246690122216 0.031925 0.039190753309877785
accuracy_retrained: 0.8044336925860351 0.8234300629510211 0.842426433316007
IFr_retrained: 0.002383106003979052 0.0037949999999999998 0.005206893996020947
valid_IFr_retrained: 0.009538783636175292 0.01462 0.019701216363824707
