validity: 0.25 0.25 0.25
average_pairwise_L0_distance: 10.837325858540483 10.874946484507367 10.912567110474251
average_pairwise_L1_distance: 3.8339570155985445 3.908343216219005 3.982729416839465
average_pairwise_binned_L0_distance: 9.49341647898029 9.602615499597968 9.711814520215647
accuracy_trained: 0.8271421707665534 0.8344695224934746 0.8417968742203958
IFr_trained: 0.006203384255867022 0.007749999999999998 0.009296615744132975
valid_IFr_trained: 0.024659246690122216 0.031925 0.039190753309877785
accuracy_retrained: 0.8161628193764583 0.8305082143405496 0.8448536093046408
IFr_retrained: 0.0036444326537230635 0.0053750000000000004 0.007105567346276938
valid_IFr_retrained: 0.019389233231909827 0.02597 0.03255076676809018
