validity: 1.0 1.0 1.0
average_pairwise_L0_distance: 10.302324251803894 10.512860248113528 10.723396244423162
average_pairwise_L1_distance: 2.9376635077303006 3.1521978313516685 3.3667321549730365
average_pairwise_binned_L0_distance: 8.437404015814973 8.764689338580391 9.091974661345809
accuracy_trained: 0.8112984018192355 0.8344695224934746 0.8576406431677137
IFr_trained: 0.002859171583463593 0.007749999999999998 0.012640828416536402
valid_IFr_trained: 0.008948670623879017 0.031925 0.05490132937612099
accuracy_retrained: 0.7571229241631761 0.8217871948410871 0.8864514655189981
IFr_retrained: -0.0006597149299145295 0.004985 0.01062971492991453
valid_IFr_retrained: -0.004504993326527557 0.0194975 0.043499993326527556
