validity: 0.45 0.45 0.45
average_pairwise_L0_distance: 13.6140733225699 14.031282051282052 14.448490779994202
average_pairwise_L1_distance: 6.897749629014925 7.655588218719437 8.41342680842395
average_pairwise_binned_L0_distance: 12.27067770021478 13.272820512820513 14.274963325426246
accuracy_trained: 0.6287905074356724 0.7289999999999999 0.8292094925643273
IFr_trained: 0.02671288766454262 0.11492 0.20312711233545738
valid_IFr_trained: 0.03246605282172349 0.124265 0.2160639471782765
accuracy_retrained: 0.692367882323468 0.756 0.819632117676532
IFr_retrained: -0.07896353425741481 0.078935 0.23683353425741482
valid_IFr_retrained: -0.06643186721508543 0.06885 0.20413186721508542
