validity: 0.05 0.05 0.05
average_pairwise_L0_distance: 13.74535597262928 14.093589743589742 14.441823514550205
average_pairwise_L1_distance: 7.481573167570704 7.804233852120734 8.126894536670763
average_pairwise_binned_L0_distance: 12.663559766547891 13.336666666666668 14.009773566785444
accuracy_trained: 0.6287905074356724 0.7289999999999999 0.8292094925643273
IFr_trained: 0.02671288766454262 0.11492 0.20312711233545738
valid_IFr_trained: 0.03246605282172349 0.124265 0.2160639471782765
accuracy_retrained: 0.29740139880245037 0.6639999999999999 1.0305986011975494
IFr_retrained: -0.04926142000155978 0.15063500000000002 0.3505314200015598
valid_IFr_retrained: -0.0453343692339534 0.11927499999999999 0.2838843692339534
