validity: 0.75 0.75 0.75
average_pairwise_L0_distance: 13.439106568229157 13.619487179487177 13.799867790745196
average_pairwise_L1_distance: 6.984656778418405 7.348901353046152 7.713145927673899
average_pairwise_binned_L0_distance: 12.261195472791304 12.896410256410258 13.531625040029212
accuracy_trained: 0.6287905074356724 0.7289999999999999 0.8292094925643273
IFr_trained: 0.02671288766454262 0.11492 0.20312711233545738
valid_IFr_trained: 0.03246605282172349 0.124265 0.2160639471782765
accuracy_retrained: 0.2980862064867764 0.655 1.0119137935132236
IFr_retrained: -0.068473831848882 0.05700500000000001 0.182483831848882
valid_IFr_retrained: -0.06948319614999479 0.06314 0.1957631961499948
