validity: 0.85 0.85 0.85
average_pairwise_L0_distance: 13.129410135406136 13.317948717948719 13.506487300491301
average_pairwise_L1_distance: 6.778474546262871 7.138543911844813 7.498613277426756
average_pairwise_binned_L0_distance: 11.916372151663028 12.553589743589743 13.190807335516459
accuracy_trained: 0.6287905074356724 0.7289999999999999 0.8292094925643273
IFr_trained: 0.02671288766454262 0.11492 0.20312711233545738
valid_IFr_trained: 0.03246605282172349 0.124265 0.2160639471782765
accuracy_retrained: 0.3059324326687221 0.633 0.960067567331278
IFr_retrained: -0.08109485552832399 0.05720000000000001 0.195494855528324
valid_IFr_retrained: -0.08512867051124541 0.059704999999999994 0.2045386705112454
