validity: 0.15 0.15 0.15
average_pairwise_L0_distance: 13.876813023399338 14.225641025641028 14.574469027882719
average_pairwise_L1_distance: 7.50897854760675 7.831689448560487 8.154400349514225
average_pairwise_binned_L0_distance: 12.871277373987152 13.492564102564103 14.113850831141054
accuracy_trained: 0.6287905074356724 0.7289999999999999 0.8292094925643273
IFr_trained: 0.02671288766454262 0.11492 0.20312711233545738
valid_IFr_trained: 0.03246605282172349 0.124265 0.2160639471782765
accuracy_retrained: 0.6679865612899922 0.738 0.8080134387100077
IFr_retrained: -0.04586817307240418 0.0732 0.19226817307240418
valid_IFr_retrained: -0.044554583359475444 0.07058 0.18571458335947544
