validity: 0.35 0.35 0.35
average_pairwise_L0_distance: 13.895861342954133 14.133076923076922 14.370292503199712
average_pairwise_L1_distance: 7.337816662008476 7.731677009265243 8.125537356522011
average_pairwise_binned_L0_distance: 12.798317757739909 13.402564102564103 14.006810447388297
accuracy_trained: 0.6287905074356724 0.7289999999999999 0.8292094925643273
IFr_trained: 0.02671288766454262 0.11492 0.20312711233545738
valid_IFr_trained: 0.03246605282172349 0.124265 0.2160639471782765
accuracy_retrained: 0.6403298667411538 0.721 0.8016701332588462
IFr_retrained: -0.06977924340824879 0.083065 0.2359092434082488
valid_IFr_retrained: -0.068647973001529 0.08546000000000001 0.23956797300152902
