validity: 0.0 0.0 0.0
average_pairwise_L0_distance: 13.530073980405556 14.104358974358973 14.678643968312391
average_pairwise_L1_distance: 7.478066566479255 7.8008199851932885 8.123573403907322
average_pairwise_binned_L0_distance: 12.661513636932368 13.331538461538463 14.001563286144558
accuracy_trained: 0.6287905074356724 0.7289999999999999 0.8292094925643273
IFr_trained: 0.02671288766454262 0.11492 0.20312711233545738
valid_IFr_trained: 0.03246605282172349 0.124265 0.2160639471782765
accuracy_retrained: 0.6662396090544807 0.744 0.8217603909455193
IFr_retrained: -0.07349713698884337 0.05408500000000001 0.1816671369888434
valid_IFr_retrained: -0.08529994554965761 0.06434500000000001 0.21398994554965764
