validity: 0.3 0.3 0.3
average_pairwise_L0_distance: 13.781493693741146 14.16871794871795 14.555942203694753
average_pairwise_L1_distance: 7.330009504755539 7.779139257675456 8.228269010595373
average_pairwise_binned_L0_distance: 12.71767502462823 13.453076923076924 14.188478821525619
accuracy_trained: 0.6287905074356724 0.7289999999999999 0.8292094925643273
IFr_trained: 0.02671288766454262 0.11492 0.20312711233545738
valid_IFr_trained: 0.03246605282172349 0.124265 0.2160639471782765
accuracy_retrained: 0.7139953232872273 0.766 0.8180046767127728
IFr_retrained: 0.05058968107430009 0.13795 0.2253103189256999
valid_IFr_retrained: 0.051019073043062774 0.14715 0.24328092695693723
