validity: 0.7 0.7 0.7
average_pairwise_L0_distance: 13.460184789049405 13.713076923076922 13.96596905710444
average_pairwise_L1_distance: 7.18284783643255 7.448428969220825 7.714010102009101
average_pairwise_binned_L0_distance: 12.601592930014334 12.989743589743592 13.377894249472849
accuracy_trained: 0.6287905074356724 0.7289999999999999 0.8292094925643273
IFr_trained: 0.02671288766454262 0.11492 0.20312711233545738
valid_IFr_trained: 0.03246605282172349 0.124265 0.2160639471782765
accuracy_retrained: 0.67644 0.7470000000000001 0.8175600000000002
IFr_retrained: -0.006288003044784191 0.08193500000000001 0.1701580030447842
valid_IFr_retrained: -0.0003698028716901808 0.082355 0.16507980287169016
