validity: 0.4 0.4 0.4
average_pairwise_L0_distance: 13.878875803428107 14.13 14.381124196571895
average_pairwise_L1_distance: 7.383675271074235 7.659982900458014 7.936290529841793
average_pairwise_binned_L0_distance: 12.690719199226027 13.39102564102564 14.091332082825254
accuracy_trained: 0.6287905074356724 0.7289999999999999 0.8292094925643273
IFr_trained: 0.02671288766454262 0.11492 0.20312711233545738
valid_IFr_trained: 0.03246605282172349 0.124265 0.2160639471782765
accuracy_retrained: 0.6674076811692049 0.72 0.772592318830795
IFr_retrained: -0.05909751429641093 0.07892 0.21693751429641095
valid_IFr_retrained: -0.05609430407245386 0.07416500000000001 0.20442430407245388
