validity: 0.55 0.55 0.55
average_pairwise_L0_distance: 13.695336712260941 13.882051282051282 14.068765851841624
average_pairwise_L1_distance: 7.17238688267659 7.5301243238912905 7.887861765105991
average_pairwise_binned_L0_distance: 12.554910095433147 13.156410256410258 13.757910417387368
accuracy_trained: 0.6287905074356724 0.7289999999999999 0.8292094925643273
IFr_trained: 0.02671288766454262 0.11492 0.20312711233545738
valid_IFr_trained: 0.03246605282172349 0.124265 0.2160639471782765
accuracy_retrained: 0.2922665742525445 0.6519999999999999 1.0117334257474553
IFr_retrained: -0.08564278347438928 0.06191 0.20946278347438926
valid_IFr_retrained: -0.0532929334242815 0.04586 0.1450129334242815
