validity: 0.2 0.2 0.2
average_pairwise_L0_distance: 13.90304380439781 14.203589743589742 14.504135682781673
average_pairwise_L1_distance: 7.510316853507727 7.8591584207647545 8.207999988021783
average_pairwise_binned_L0_distance: 12.708535699745614 13.445897435897436 14.183259172049258
accuracy_trained: 0.6287905074356724 0.7289999999999999 0.8292094925643273
IFr_trained: 0.02671288766454262 0.11492 0.20312711233545738
valid_IFr_trained: 0.03246605282172349 0.124265 0.2160639471782765
accuracy_retrained: 0.2961664846064732 0.6299999999999999 0.9638335153935266
IFr_retrained: -0.03370694033807421 0.02308 0.0798669403380742
valid_IFr_retrained: -0.03574005023185399 0.025500000000000002 0.086740050231854
