validity: 0.8 0.8 0.8
average_pairwise_L0_distance: 13.259652960983406 13.595641025641026 13.931629090298646
average_pairwise_L1_distance: 7.032428537542498 7.352891654097531 7.673354770652565
average_pairwise_binned_L0_distance: 12.158409832999002 12.840512820512823 13.522615808026643
accuracy_trained: 0.6287905074356724 0.7289999999999999 0.8292094925643273
IFr_trained: 0.02671288766454262 0.11492 0.20312711233545738
valid_IFr_trained: 0.03246605282172349 0.124265 0.2160639471782765
accuracy_retrained: 0.6601484611646188 0.729 0.7978515388353812
IFr_retrained: -0.015371685576231614 0.121475 0.2583216855762316
valid_IFr_retrained: -0.005507866133590139 0.12678499999999998 0.2590778661335901
