validity: 0.9 0.9 0.9
average_pairwise_L0_distance: 13.229763048109403 13.34 13.450236951890597
average_pairwise_L1_distance: 6.7271875950851445 7.172613608362477 7.618039621639809
average_pairwise_binned_L0_distance: 11.91763411057344 12.603589743589744 13.289545376606048
accuracy_trained: 0.6287905074356724 0.7289999999999999 0.8292094925643273
IFr_trained: 0.02671288766454262 0.11492 0.20312711233545738
valid_IFr_trained: 0.03246605282172349 0.124265 0.2160639471782765
accuracy_retrained: 0.6940096789303497 0.7249999999999999 0.75599032106965
IFr_retrained: -0.0071954594985197545 0.10803499999999999 0.22326545949851972
valid_IFr_retrained: -0.009283500372661763 0.09739500000000001 0.20407350037266178
