validity: 0.6 0.6 0.6
average_pairwise_L0_distance: 13.732092253697001 13.887948717948717 14.043805182200433
average_pairwise_L1_distance: 6.9560640105679115 7.569553782065091 8.18304355356227
average_pairwise_binned_L0_distance: 12.468888483417972 13.213846153846154 13.958803824274336
accuracy_trained: 0.6287905074356724 0.7289999999999999 0.8292094925643273
IFr_trained: 0.02671288766454262 0.11492 0.20312711233545738
valid_IFr_trained: 0.03246605282172349 0.124265 0.2160639471782765
accuracy_retrained: 0.6821228200644355 0.719 0.7558771799355645
IFr_retrained: -0.06245982657961689 0.044395000000000004 0.1512498265796169
valid_IFr_retrained: -0.06221154630046433 0.043274999999999994 0.14876154630046431
