validity: 0.1 0.1 0.1
average_pairwise_L0_distance: 13.616491764931478 14.105384615384617 14.594277465837756
average_pairwise_L1_distance: 7.210508887246034 7.728891786694957 8.24727468614388
average_pairwise_binned_L0_distance: 12.326995196395938 13.312820512820513 14.298645829245089
accuracy_trained: 0.6287905074356724 0.7289999999999999 0.8292094925643273
IFr_trained: 0.02671288766454262 0.11492 0.20312711233545738
valid_IFr_trained: 0.03246605282172349 0.124265 0.2160639471782765
accuracy_retrained: 0.6703963277601139 0.7290000000000001 0.7876036722398863
IFr_retrained: -0.059390907989974005 0.04157 0.142530907989974
valid_IFr_retrained: -0.06396670303249585 0.04389 0.15174670303249585
