validity: 0.25 0.25 0.25
average_pairwise_L0_distance: 13.740509079062319 14.13102564102564 14.521542202988963
average_pairwise_L1_distance: 7.347162464949825 7.90960262487638 8.472042784802936
average_pairwise_binned_L0_distance: 12.665370819392916 13.40230769230769 14.139244565222466
accuracy_trained: 0.6287905074356724 0.7289999999999999 0.8292094925643273
IFr_trained: 0.02671288766454262 0.11492 0.20312711233545738
valid_IFr_trained: 0.03246605282172349 0.124265 0.2160639471782765
accuracy_retrained: 0.6624307905844632 0.748 0.8335692094155368
IFr_retrained: -0.06609201110561266 0.069715 0.20552201110561266
valid_IFr_retrained: -0.06103981112167184 0.07615 0.21333981112167183
