validity: 1.0 1.0 1.0
average_pairwise_L0_distance: 12.79575158242113 13.00974358974359 13.22373559706605
average_pairwise_L1_distance: 6.495028321731623 6.88009092315427 7.265153524576918
average_pairwise_binned_L0_distance: 11.525244563750263 12.240512820512821 12.955781077275379
accuracy_trained: 0.6287905074356724 0.7289999999999999 0.8292094925643273
IFr_trained: 0.02671288766454262 0.11492 0.20312711233545738
valid_IFr_trained: 0.03246605282172349 0.124265 0.2160639471782765
accuracy_retrained: 0.6841503019863239 0.732 0.7798496980136761
IFr_retrained: -0.05399092481457196 0.12693 0.30785092481457194
valid_IFr_retrained: -0.011995126443130832 0.109125 0.23024512644313083
