validity: 0.65 0.65 0.65
average_pairwise_L0_distance: 13.388344810252988 13.73948717948718 14.09062954872137
average_pairwise_L1_distance: 6.999549358055671 7.430385201023209 7.861221043990747
average_pairwise_binned_L0_distance: 12.130905832555563 12.987948717948717 13.844991603341871
accuracy_trained: 0.6287905074356724 0.7289999999999999 0.8292094925643273
IFr_trained: 0.02671288766454262 0.11492 0.20312711233545738
valid_IFr_trained: 0.03246605282172349 0.124265 0.2160639471782765
accuracy_retrained: 0.6480713308956983 0.7529999999999999 0.8579286691043014
IFr_retrained: -0.12439031658386679 0.15113499999999996 0.4266603165838667
valid_IFr_retrained: -0.08531157090849664 0.11243 0.3101715709084967
