validity: 0.95 0.95 0.95
average_pairwise_L0_distance: 12.849543687563788 13.161538461538461 13.473533235513134
average_pairwise_L1_distance: 6.4700644593783485 7.000555851137298 7.531047242896247
average_pairwise_binned_L0_distance: 11.560034382671686 12.41948717948718 13.278939976302675
accuracy_trained: 0.6287905074356724 0.7289999999999999 0.8292094925643273
IFr_trained: 0.02671288766454262 0.11492 0.20312711233545738
valid_IFr_trained: 0.03246605282172349 0.124265 0.2160639471782765
accuracy_retrained: 0.6895254803940037 0.752 0.8144745196059963
IFr_retrained: -0.0805364226550867 0.13351 0.3475564226550867
valid_IFr_retrained: -0.02807388247993302 0.09772499999999999 0.223523882479933
