validity: 0.5 0.5 0.5
average_pairwise_L0_distance: 13.422819733712569 13.867435897435897 14.312052061159225
average_pairwise_L1_distance: 7.115490004154452 7.553826463129629 7.992162922104805
average_pairwise_binned_L0_distance: 12.494147575960232 13.210512820512822 13.926878065065411
accuracy_trained: 0.6287905074356724 0.7289999999999999 0.8292094925643273
IFr_trained: 0.02671288766454262 0.11492 0.20312711233545738
valid_IFr_trained: 0.03246605282172349 0.124265 0.2160639471782765
accuracy_retrained: 0.6656534625757837 0.7529999999999999 0.8403465374242161
IFr_retrained: 0.055487451351491565 0.17285500000000004 0.2902225486485085
valid_IFr_retrained: 0.09997627754781309 0.16190500000000002 0.22383372245218697
