validity: 1.0 1.0 1.0
average_pairwise_L0_distance: 12.002573590475162 12.621282051282051 13.23999051208894
average_pairwise_L1_distance: 6.214051467216593 6.826134544942233 7.438217622667874
average_pairwise_binned_L0_distance: 11.369824466184605 11.977435897435898 12.58504732868719
accuracy_trained: 0.6935329476597192 0.7499999999999999 0.8064670523402806
IFr_trained: 0.1813763420685408 0.259585 0.3377936579314592
valid_IFr_trained: 0.1552868080043732 0.17687999999999998 0.19847319199562677
accuracy_retrained: 0.7160739984850706 0.757 0.7979260015149294
IFr_retrained: 0.10189158522800314 0.20160999999999998 0.30132841477199684
valid_IFr_retrained: 0.061469199526322627 0.155415 0.24936080047367737
