validity: 0.75 0.75 0.75
average_pairwise_L0_distance: 12.833929016394059 13.29871794871795 13.763506881041842
average_pairwise_L1_distance: 6.830618550497501 7.304510140939999 7.7784017313824965
average_pairwise_binned_L0_distance: 12.263821863976693 12.740769230769232 13.21771659756177
accuracy_trained: 0.6935329476597192 0.7499999999999999 0.8064670523402806
IFr_trained: 0.1813763420685408 0.259585 0.3377936579314592
valid_IFr_trained: 0.1552868080043732 0.17687999999999998 0.19847319199562677
accuracy_retrained: 0.7437066332330745 0.757 0.7702933667669255
IFr_retrained: 0.056416301738471786 0.17213 0.2878436982615282
valid_IFr_retrained: 0.08003424873672045 0.15282 0.22560575126327959
