validity: 0.6 0.6 0.6
average_pairwise_L0_distance: 13.370245317542011 13.632820512820512 13.895395708099013
average_pairwise_L1_distance: 7.214423999651431 7.570889549113535 7.92735509857564
average_pairwise_binned_L0_distance: 12.885806053147459 13.150512820512821 13.415219587878184
accuracy_trained: 0.6935329476597192 0.7499999999999999 0.8064670523402806
IFr_trained: 0.1813763420685408 0.259585 0.3377936579314592
valid_IFr_trained: 0.1552868080043732 0.17687999999999998 0.19847319199562677
accuracy_retrained: 0.7126474154976568 0.749 0.7853525845023432
IFr_retrained: 0.06005503218125152 0.17625000000000002 0.2924449678187485
valid_IFr_retrained: 0.07274506727965906 0.171695 0.2706449327203409
