validity: 0.45 0.45 0.45
average_pairwise_L0_distance: 13.536669823568985 13.828717948717948 14.12076607386691
average_pairwise_L1_distance: 7.303708655530056 7.70951490063481 8.115321145739562
average_pairwise_binned_L0_distance: 13.064336268858755 13.352307692307694 13.640279115756632
accuracy_trained: 0.6935329476597192 0.7499999999999999 0.8064670523402806
IFr_trained: 0.1813763420685408 0.259585 0.3377936579314592
valid_IFr_trained: 0.1552868080043732 0.17687999999999998 0.19847319199562677
accuracy_retrained: 0.7165418925340329 0.7529999999999999 0.7894581074659669
IFr_retrained: 0.05204925087350776 0.171855 0.29166074912649226
valid_IFr_retrained: 0.07769474139068562 0.147325 0.21695525860931442
