validity: 0.15 0.15 0.15
average_pairwise_L0_distance: 13.533640878359261 14.007179487179485 14.480718095999709
average_pairwise_L1_distance: 7.435285779587252 7.777315899535357 8.119346019483462
average_pairwise_binned_L0_distance: 13.127887883239726 13.577435897435896 14.026983911632065
accuracy_trained: 0.6935329476597192 0.7499999999999999 0.8064670523402806
IFr_trained: 0.1813763420685408 0.259585 0.3377936579314592
valid_IFr_trained: 0.1552868080043732 0.17687999999999998 0.19847319199562677
accuracy_retrained: 0.7116135505024899 0.7550000000000001 0.7983864494975104
IFr_retrained: 0.04200816229148999 0.147875 0.25374183770851
valid_IFr_retrained: 0.06946933125265393 0.143835 0.21820066874734606
