validity: 0.85 0.85 0.85
average_pairwise_L0_distance: 12.471975431811625 13.074615384615385 13.677255337419144
average_pairwise_L1_distance: 6.524606301088264 7.125144821242104 7.7256833413959445
average_pairwise_binned_L0_distance: 11.902613492153035 12.51 13.117386507846964
accuracy_trained: 0.6935329476597192 0.7499999999999999 0.8064670523402806
IFr_trained: 0.1813763420685408 0.259585 0.3377936579314592
valid_IFr_trained: 0.1552868080043732 0.17687999999999998 0.19847319199562677
accuracy_retrained: 0.7318262322826411 0.766 0.8001737677173589
IFr_retrained: 0.06638083746543917 0.18803 0.30967916253456085
valid_IFr_retrained: 0.05892270895586678 0.16566 0.27239729104413324
