validity: 0.25 0.25 0.25
average_pairwise_L0_distance: 13.877352579926372 14.002051282051283 14.126749984176195
average_pairwise_L1_distance: 7.619422592195038 7.801252479295466 7.9830823663958945
average_pairwise_binned_L0_distance: 13.395927772563669 13.54974358974359 13.703559406923512
accuracy_trained: 0.6935329476597192 0.7499999999999999 0.8064670523402806
IFr_trained: 0.1813763420685408 0.259585 0.3377936579314592
valid_IFr_trained: 0.1552868080043732 0.17687999999999998 0.19847319199562677
accuracy_retrained: 0.7148670789999159 0.761 0.8071329210000842
IFr_retrained: 0.02288527518978603 0.15742 0.291954724810214
valid_IFr_retrained: 0.07413055723660976 0.13759 0.2010494427633902
