validity: 0.95 0.95 0.95
average_pairwise_L0_distance: 11.980525488066926 12.737692307692308 13.49485912731769
average_pairwise_L1_distance: 6.161068190825496 6.87515204780137 7.589235904777244
average_pairwise_binned_L0_distance: 11.346889516171798 12.107435897435895 12.867982278699992
accuracy_trained: 0.6935329476597192 0.7499999999999999 0.8064670523402806
IFr_trained: 0.1813763420685408 0.259585 0.3377936579314592
valid_IFr_trained: 0.1552868080043732 0.17687999999999998 0.19847319199562677
accuracy_retrained: 0.7170585514915949 0.76 0.8029414485084051
IFr_retrained: 0.12181859408801368 0.18724500000000002 0.25267140591198634
valid_IFr_retrained: 0.08577131439010041 0.156095 0.2264186856098996
