validity: 0.8 0.8 0.8
average_pairwise_L0_distance: 12.663902620222428 13.164615384615384 13.66532814900834
average_pairwise_L1_distance: 6.730724996762539 7.181224064773839 7.631723132785139
average_pairwise_binned_L0_distance: 12.062522113397627 12.596666666666668 13.130811219935708
accuracy_trained: 0.6935329476597192 0.7499999999999999 0.8064670523402806
IFr_trained: 0.1813763420685408 0.259585 0.3377936579314592
valid_IFr_trained: 0.1552868080043732 0.17687999999999998 0.19847319199562677
accuracy_retrained: 0.6920587109383709 0.749 0.8059412890616291
IFr_retrained: 0.058395911708117046 0.159615 0.260834088291883
valid_IFr_retrained: 0.053174193632316596 0.15322 0.25326580636768337
