validity: 0.0 0.0 0.0
average_pairwise_L0_distance: 13.789670942767366 14.127435897435898 14.46520085210443
average_pairwise_L1_distance: 7.559546450871696 7.898998267946233 8.238450085020771
average_pairwise_binned_L0_distance: 13.263942035359575 13.655641025641026 14.047340015922478
accuracy_trained: 0.6935329476597192 0.7499999999999999 0.8064670523402806
IFr_trained: 0.1813763420685408 0.259585 0.3377936579314592
valid_IFr_trained: 0.1552868080043732 0.17687999999999998 0.19847319199562677
accuracy_retrained: 0.6912916486435701 0.743 0.7947083513564299
IFr_retrained: 0.04888173923106216 0.1702 0.29151826076893783
valid_IFr_retrained: 0.08852097609417402 0.16621 0.24389902390582596
