validity: 0.2 0.2 0.2
average_pairwise_L0_distance: 13.832993496788854 14.047435897435895 14.261878298082936
average_pairwise_L1_distance: 7.638528817294962 7.886583917590707 8.134639017886451
average_pairwise_binned_L0_distance: 13.454735437468178 13.630769230769232 13.806803024070286
accuracy_trained: 0.6935329476597192 0.7499999999999999 0.8064670523402806
IFr_trained: 0.1813763420685408 0.259585 0.3377936579314592
valid_IFr_trained: 0.1552868080043732 0.17687999999999998 0.19847319199562677
accuracy_retrained: 0.7220726065515463 0.7580000000000001 0.793927393448454
IFr_retrained: 0.037925187848472236 0.14076 0.24359481215152776
valid_IFr_retrained: 0.07280142323860184 0.14131500000000002 0.2098285767613982
