validity: 0.35 0.35 0.35
average_pairwise_L0_distance: 13.642365564509134 14.00948717948718 14.376608794465227
average_pairwise_L1_distance: 7.501239853341477 7.917940626743794 8.334641400146111
average_pairwise_binned_L0_distance: 13.135873026318496 13.575641025641024 14.015409024963553
accuracy_trained: 0.6935329476597192 0.7499999999999999 0.8064670523402806
IFr_trained: 0.1813763420685408 0.259585 0.3377936579314592
valid_IFr_trained: 0.1552868080043732 0.17687999999999998 0.19847319199562677
accuracy_retrained: 0.6802977449463044 0.754 0.8277022550536957
IFr_retrained: 0.04865512453243695 0.20065 0.35264487546756307
valid_IFr_retrained: 0.11246394604019154 0.16684 0.22121605395980842
