validity: 0.5 0.5 0.5
average_pairwise_L0_distance: 12.994150822378899 13.653333333333332 14.312515844287766
average_pairwise_L1_distance: 6.9928152523437195 7.560978961209733 8.129142670075746
average_pairwise_binned_L0_distance: 12.4906428896191 13.19230769230769 13.89397249499628
accuracy_trained: 0.6935329476597192 0.7499999999999999 0.8064670523402806
IFr_trained: 0.1813763420685408 0.259585 0.3377936579314592
valid_IFr_trained: 0.1552868080043732 0.17687999999999998 0.19847319199562677
accuracy_retrained: 0.7073659957005075 0.759 0.8106340042994925
IFr_retrained: 0.07763009658835217 0.18797999999999998 0.2983299034116478
valid_IFr_retrained: 0.07497598639556088 0.158215 0.2414540136044391
