validity: 0.55 0.55 0.55
average_pairwise_L0_distance: 13.467235403205198 13.759230769230768 14.05122613525634
average_pairwise_L1_distance: 7.291722721076168 7.701637365399807 8.111552009723447
average_pairwise_binned_L0_distance: 13.061232527247858 13.288461538461538 13.515690549675218
accuracy_trained: 0.6935329476597192 0.7499999999999999 0.8064670523402806
IFr_trained: 0.1813763420685408 0.259585 0.3377936579314592
valid_IFr_trained: 0.1552868080043732 0.17687999999999998 0.19847319199562677
accuracy_retrained: 0.7070739984850706 0.748 0.7889260015149294
IFr_retrained: 0.044601259840730795 0.15188 0.2591587401592692
valid_IFr_retrained: 0.07897809733328504 0.14650500000000002 0.214031902666715
