validity: 0.9 0.9 0.9
average_pairwise_L0_distance: 12.073784869985102 12.845384615384614 13.616984360784125
average_pairwise_L1_distance: 6.2784558750093264 6.983734490245801 7.689013105482276
average_pairwise_binned_L0_distance: 11.477519742556993 12.224615384615385 12.971711026673777
accuracy_trained: 0.6935329476597192 0.7499999999999999 0.8064670523402806
IFr_trained: 0.1813763420685408 0.259585 0.3377936579314592
valid_IFr_trained: 0.1552868080043732 0.17687999999999998 0.19847319199562677
accuracy_retrained: 0.7071836010936158 0.757 0.8068163989063842
IFr_retrained: 0.07347708576746523 0.20732500000000004 0.3411729142325348
valid_IFr_retrained: 0.07296485893062236 0.16471 0.2564551410693776
