validity: 0.3 0.3 0.3
average_pairwise_L0_distance: 13.796562966716872 14.008461538461537 14.220360110206203
average_pairwise_L1_distance: 7.564191052541992 7.782791554096983 8.001392055651975
average_pairwise_binned_L0_distance: 13.421495996166714 13.570512820512821 13.719529644858929
accuracy_trained: 0.6935329476597192 0.7499999999999999 0.8064670523402806
IFr_trained: 0.1813763420685408 0.259585 0.3377936579314592
valid_IFr_trained: 0.1552868080043732 0.17687999999999998 0.19847319199562677
accuracy_retrained: 0.711541892534033 0.748 0.784458107465967
IFr_retrained: 0.07662231665489744 0.17319 0.2697576833451026
valid_IFr_retrained: 0.11391321952119106 0.161815 0.20971678047880893
