validity: 0.65 0.65 0.65
average_pairwise_L0_distance: 13.159883993621602 13.457435897435897 13.754987801250191
average_pairwise_L1_distance: 6.992966276086636 7.364116531030561 7.735266785974486
average_pairwise_binned_L0_distance: 12.653152929225195 12.964615384615385 13.276077840005575
accuracy_trained: 0.6935329476597192 0.7499999999999999 0.8064670523402806
IFr_trained: 0.1813763420685408 0.259585 0.3377936579314592
valid_IFr_trained: 0.1552868080043732 0.17687999999999998 0.19847319199562677
accuracy_retrained: 0.7038894531432112 0.755 0.8061105468567888
IFr_retrained: 0.051210351321211114 0.15501 0.2588096486787889
valid_IFr_retrained: 0.071326562992095 0.150835 0.230343437007905
