validity: 0.7 0.7 0.7
average_pairwise_L0_distance: 12.746008802654929 13.217435897435896 13.688862992216864
average_pairwise_L1_distance: 6.5233765617432535 7.252117210592322 7.980857859441391
average_pairwise_binned_L0_distance: 12.191158680872283 12.6825641025641 13.173969524255918
accuracy_trained: 0.6935329476597192 0.7499999999999999 0.8064670523402806
IFr_trained: 0.1813763420685408 0.259585 0.3377936579314592
valid_IFr_trained: 0.1552868080043732 0.17687999999999998 0.19847319199562677
accuracy_retrained: 0.7049892975391608 0.7629999999999999 0.821010702460839
IFr_retrained: 0.13278150155301846 0.175875 0.21896849844698155
valid_IFr_retrained: 0.09051121598060109 0.14725000000000002 0.20398878401939896
