validity: 0.05 0.05 0.05
average_pairwise_L0_distance: 13.725146974040824 14.080769230769231 14.43639148749764
average_pairwise_L1_distance: 7.544704703342075 7.8976954126818395 8.250686122021605
average_pairwise_binned_L0_distance: 13.365529952225796 13.66974358974359 13.973957227261383
accuracy_trained: 0.6935329476597192 0.7499999999999999 0.8064670523402806
IFr_trained: 0.1813763420685408 0.259585 0.3377936579314592
valid_IFr_trained: 0.1552868080043732 0.17687999999999998 0.19847319199562677
accuracy_retrained: 0.6950798569386666 0.7510000000000001 0.8069201430613336
IFr_retrained: 0.04121553462694076 0.16348000000000001 0.28574446537305925
valid_IFr_retrained: 0.08591780861139163 0.156155 0.22639219138860833
