validity: 0.1 0.1 0.1
average_pairwise_L0_distance: 13.857101824621768 14.035897435897436 14.214693047173103
average_pairwise_L1_distance: 7.558333186967562 7.8498450157183175 8.141356844469072
average_pairwise_binned_L0_distance: 13.46236789944235 13.592307692307694 13.722247485173037
accuracy_trained: 0.6935329476597192 0.7499999999999999 0.8064670523402806
IFr_trained: 0.1813763420685408 0.259585 0.3377936579314592
valid_IFr_trained: 0.1552868080043732 0.17687999999999998 0.19847319199562677
accuracy_retrained: 0.7483172298917546 0.772 0.7956827701082454
IFr_retrained: 0.04150932191148492 0.14172 0.2419306780885151
valid_IFr_retrained: 0.0729645911745202 0.144725 0.21648540882547979
