validity: 0.4 0.4 0.4
average_pairwise_L0_distance: 13.658127036829528 13.848461538461539 14.03879604009355
average_pairwise_L1_distance: 7.557422260544205 7.742769551212987 7.92811684188177
average_pairwise_binned_L0_distance: 13.20662637650533 13.378974358974357 13.551322341443385
accuracy_trained: 0.6935329476597192 0.7499999999999999 0.8064670523402806
IFr_trained: 0.1813763420685408 0.259585 0.3377936579314592
valid_IFr_trained: 0.1552868080043732 0.17687999999999998 0.19847319199562677
accuracy_retrained: 0.7120951108470928 0.751 0.7899048891529072
IFr_retrained: 0.02588243691084155 0.162555 0.29922756308915843
valid_IFr_retrained: 0.07407062015837122 0.149035 0.22399937984162877
