validity: 0.75 0.75 0.75
average_pairwise_L0_distance: 10.716985236625428 10.999076688025635 11.281168139425843
average_pairwise_L1_distance: 3.392326195248808 3.6972375702672395 4.002148945285671
average_pairwise_binned_L0_distance: 8.771979882402922 9.345356933281854 9.918733984160786
accuracy_trained: 0.5989042345478515 0.7366804851834792 0.8744567358191069
IFr_trained: 0.008465478655255605 0.067365 0.1262645213447444
valid_IFr_trained: 0.10804324270942563 0.212445 0.3168467572905744
accuracy_retrained: 0.39345341465996575 0.6708122217104253 0.9481710287608849
IFr_retrained: -0.0020528388931316255 0.059050000000000005 0.12015283889313164
valid_IFr_retrained: 0.037682209898762684 0.132785 0.22788779010123728
