validity: 0.45 0.45 0.45
average_pairwise_L0_distance: 10.848872287314704 11.133660624994834 11.418448962674963
average_pairwise_L1_distance: 3.5567268168009982 3.9088163537428167 4.2609058906846355
average_pairwise_binned_L0_distance: 9.00495310945865 9.654473045075807 10.303992980692964
accuracy_trained: 0.5989042345478515 0.7366804851834792 0.8744567358191069
IFr_trained: 0.008465478655255605 0.067365 0.1262645213447444
valid_IFr_trained: 0.10804324270942563 0.212445 0.3168467572905744
accuracy_retrained: 0.48086768442597194 0.6771073238139107 0.8733469632018495
IFr_retrained: -0.010290278474219483 0.04755499999999999 0.10540027847421947
valid_IFr_retrained: 0.05668991818235821 0.11675499999999998 0.17682008181764175
