validity: 1.0 1.0 1.0
average_pairwise_L0_distance: 10.53738271604674 10.816763661652208 11.096144607257678
average_pairwise_L1_distance: 3.226762655930655 3.452106941066436 3.677451226202217
average_pairwise_binned_L0_distance: 8.474083354386726 8.985886550697739 9.497689747008751
accuracy_trained: 0.5989042345478515 0.7366804851834792 0.8744567358191069
IFr_trained: 0.008465478655255605 0.067365 0.1262645213447444
valid_IFr_trained: 0.10804324270942563 0.212445 0.3168467572905744
accuracy_retrained: 0.7860054496169143 0.7961922309227699 0.8063790122286255
IFr_retrained: 0.03777996954551672 0.07448 0.1111800304544833
valid_IFr_retrained: 0.11317149723675937 0.15209499999999998 0.1910185027632406
