validity: 0.3 0.3 0.3
average_pairwise_L0_distance: 10.880068355165857 11.171784200030462 11.463500044895067
average_pairwise_L1_distance: 3.619239116543002 3.9752074043232186 4.331175692103436
average_pairwise_binned_L0_distance: 9.05394527789558 9.744857258566316 10.435769239237054
accuracy_trained: 0.5989042345478515 0.7366804851834792 0.8744567358191069
IFr_trained: 0.008465478655255605 0.067365 0.1262645213447444
valid_IFr_trained: 0.10804324270942563 0.212445 0.3168467572905744
accuracy_retrained: 0.541318396799344 0.7153385536619069 0.8893587105244698
IFr_retrained: -0.008495125371480824 0.05980500000000001 0.12810512537148083
valid_IFr_retrained: 0.07319670055011193 0.11057999999999998 0.14796329944988804
