validity: 0.7 0.7 0.7
average_pairwise_L0_distance: 10.73913877141563 11.019697007264883 11.300255243114135
average_pairwise_L1_distance: 3.4340055550234707 3.731488800459514 4.028972045895557
average_pairwise_binned_L0_distance: 8.797562533273245 9.399442234556663 10.00132193584008
accuracy_trained: 0.5989042345478515 0.7366804851834792 0.8744567358191069
IFr_trained: 0.008465478655255605 0.067365 0.1262645213447444
valid_IFr_trained: 0.10804324270942563 0.212445 0.3168467572905744
accuracy_retrained: 0.2666480721411138 0.6394288346384155 1.0122095971357172
IFr_retrained: 0.005365679745086123 0.06722500000000001 0.1290843202549139
valid_IFr_retrained: 0.00833214701113058 0.13095 0.2535678529888694
