validity: 0.9 0.9 0.9
average_pairwise_L0_distance: 10.62070429627374 10.897655708535677 11.174607120797614
average_pairwise_L1_distance: 3.297432155651958 3.5622306574238243 3.8270291591956904
average_pairwise_binned_L0_distance: 8.603311676459551 9.145938548983352 9.688565421507153
accuracy_trained: 0.5989042345478515 0.7366804851834792 0.8744567358191069
IFr_trained: 0.008465478655255605 0.067365 0.1262645213447444
valid_IFr_trained: 0.10804324270942563 0.212445 0.3168467572905744
accuracy_retrained: 0.42474948094124176 0.7197911868570552 1.0148328927728687
IFr_retrained: 0.03636379509886969 0.06565499999999999 0.09494620490113029
valid_IFr_retrained: 0.07929296433564895 0.14708 0.21486703566435103
