validity: 0.25 0.25 0.25
average_pairwise_L0_distance: 10.919561867190836 11.189770836801657 11.459979806412477
average_pairwise_L1_distance: 3.6497721843817357 3.9904145504648127 4.331056916547889
average_pairwise_binned_L0_distance: 9.121639123876745 9.783827163554918 10.44601520323309
accuracy_trained: 0.5989042345478515 0.7366804851834792 0.8744567358191069
IFr_trained: 0.008465478655255605 0.067365 0.1262645213447444
valid_IFr_trained: 0.10804324270942563 0.212445 0.3168467572905744
accuracy_retrained: 0.5903552178072543 0.7453093812375249 0.9002635446677955
IFr_retrained: 0.02692591121450287 0.06382499999999999 0.10072408878549712
valid_IFr_retrained: 0.07667760228387416 0.13865999999999998 0.2006423977161258
