validity: 0.8 0.8 0.8
average_pairwise_L0_distance: 10.695273654260205 10.970583894463788 11.24589413466737
average_pairwise_L1_distance: 3.386306141818039 3.660533472502223 3.9347608031864074
average_pairwise_binned_L0_distance: 8.729031963446385 9.293194293412487 9.857356623378589
accuracy_trained: 0.5989042345478515 0.7366804851834792 0.8744567358191069
IFr_trained: 0.008465478655255605 0.067365 0.1262645213447444
valid_IFr_trained: 0.10804324270942563 0.212445 0.3168467572905744
accuracy_retrained: 0.7744686481841421 0.7961001074773529 0.8177315667705638
IFr_retrained: 0.07166920386985412 0.099355 0.12704079613014588
valid_IFr_retrained: 0.02065385088079813 0.15727 0.29388614911920186
