validity: 0.1 0.1 0.1
average_pairwise_L0_distance: 10.94229827215217 11.205410466485073 11.468522660817976
average_pairwise_L1_distance: 3.6748512624190104 4.025212730544476 4.375574198669942
average_pairwise_binned_L0_distance: 9.184009587431644 9.845932527383521 10.507855467335398
accuracy_trained: 0.5989042345478515 0.7366804851834792 0.8744567358191069
IFr_trained: 0.008465478655255605 0.067365 0.1262645213447444
valid_IFr_trained: 0.10804324270942563 0.212445 0.3168467572905744
accuracy_retrained: 0.37364172689768194 0.712728389375096 1.05181505185251
IFr_retrained: -0.0052122892641039 0.06672999999999998 0.13867228926410385
valid_IFr_retrained: 0.004769070346905713 0.110165 0.21556092965309429
