validity: 0.15 0.15 0.15
average_pairwise_L0_distance: 10.934611075112807 11.200334848178938 11.46605862124507
average_pairwise_L1_distance: 3.6825474794854722 4.013074623978741 4.34360176847201
average_pairwise_binned_L0_distance: 9.152489106340274 9.824162200646791 10.495835294953308
accuracy_trained: 0.5989042345478515 0.7366804851834792 0.8744567358191069
IFr_trained: 0.008465478655255605 0.067365 0.1262645213447444
valid_IFr_trained: 0.10804324270942563 0.212445 0.3168467572905744
accuracy_retrained: 0.7547842372698592 0.7803162904959313 0.8058483437220034
IFr_retrained: 0.0015634034387565499 0.06807 0.13457659656124346
valid_IFr_retrained: 0.06794361853116995 0.167375 0.26680638146883007
