validity: 0.85 0.85 0.85
average_pairwise_L0_distance: 10.654458220203507 10.933634177183803 11.2128101341641
average_pairwise_L1_distance: 3.334843746915915 3.609009143956425 3.8831745409969347
average_pairwise_binned_L0_distance: 8.640646017759213 9.208551852468442 9.776457687177672
accuracy_trained: 0.5989042345478515 0.7366804851834792 0.8744567358191069
IFr_trained: 0.008465478655255605 0.067365 0.1262645213447444
valid_IFr_trained: 0.10804324270942563 0.212445 0.3168467572905744
accuracy_retrained: 0.6236569736119737 0.7578381698142178 0.8920193660164619
IFr_retrained: 0.014599094770593096 0.0782 0.14180090522940691
valid_IFr_retrained: 0.07206048201274833 0.15177000000000002 0.2314795179872517
