validity: 0.5 0.5 0.5
average_pairwise_L0_distance: 10.840807370283626 11.120969453958967 11.401131537634308
average_pairwise_L1_distance: 3.5212542272088947 3.8694495067048584 4.217644786200822
average_pairwise_binned_L0_distance: 8.94853492460828 9.595361006717036 10.242187088825792
accuracy_trained: 0.5989042345478515 0.7366804851834792 0.8744567358191069
IFr_trained: 0.008465478655255605 0.067365 0.1262645213447444
valid_IFr_trained: 0.10804324270942563 0.212445 0.3168467572905744
accuracy_retrained: 0.7937512953138309 0.796744971595271 0.7997386478767111
IFr_retrained: 0.034320622145516705 0.08238000000000001 0.1304393778544833
valid_IFr_retrained: 0.05740451773154731 0.12555 0.19369548226845268
