validity: 0.05 0.05 0.05
average_pairwise_L0_distance: 10.942466772934335 11.207912146039146 11.473357519143956
average_pairwise_L1_distance: 3.6824403447695424 4.018373928317836 4.35430751186613
average_pairwise_binned_L0_distance: 9.167336968847229 9.855235781054631 10.543134593262034
accuracy_trained: 0.5989042345478515 0.7366804851834792 0.8744567358191069
IFr_trained: 0.008465478655255605 0.067365 0.1262645213447444
valid_IFr_trained: 0.10804324270942563 0.212445 0.3168467572905744
accuracy_retrained: 0.6510772412919058 0.7601719637647781 0.8692666862376505
IFr_retrained: 0.021998314908978335 0.07254 0.12308168509102166
valid_IFr_retrained: 0.07705323769379387 0.15869 0.24032676230620614
