validity: 0.65 0.65 0.65
average_pairwise_L0_distance: 10.775857668497235 11.054960912732849 11.334064156968463
average_pairwise_L1_distance: 3.4743174738393767 3.7873721524321047 4.100426831024833
average_pairwise_binned_L0_distance: 8.853249850337917 9.474958055424693 10.09666626051147
accuracy_trained: 0.5989042345478515 0.7366804851834792 0.8744567358191069
IFr_trained: 0.008465478655255605 0.067365 0.1262645213447444
valid_IFr_trained: 0.10804324270942563 0.212445 0.3168467572905744
accuracy_retrained: 0.42509321358936764 0.7208966682020574 1.0167001228147472
IFr_retrained: 0.013043482816678949 0.06777999999999999 0.12251651718332104
valid_IFr_retrained: 0.05917890766736957 0.11835499999999999 0.1775310923326304
