validity: 0.35 0.35 0.35
average_pairwise_L0_distance: 10.895398790388283 11.170784850599386 11.446170910810489
average_pairwise_L1_distance: 3.6018438236355292 3.9439654519597243 4.286087080283919
average_pairwise_binned_L0_distance: 9.034321133620454 9.71501515435958 10.395709175098707
accuracy_trained: 0.5989042345478515 0.7366804851834792 0.8744567358191069
IFr_trained: 0.008465478655255605 0.067365 0.1262645213447444
valid_IFr_trained: 0.10804324270942563 0.212445 0.3168467572905744
accuracy_retrained: 0.7585809244327173 0.7884231536926147 0.8182653829525122
IFr_retrained: 0.040836417737215115 0.09089499999999999 0.14095358226278487
valid_IFr_retrained: 0.02071173529203632 0.16667 0.3126282647079637
