validity: 0.55 0.55 0.55
average_pairwise_L0_distance: 10.819347014955262 11.09800472518481 11.376662435414357
average_pairwise_L1_distance: 3.5187943404569624 3.84288213538433 4.166969930311698
average_pairwise_binned_L0_distance: 8.960611942063169 9.570287537295545 10.179963132527922
accuracy_trained: 0.5989042345478515 0.7366804851834792 0.8744567358191069
IFr_trained: 0.008465478655255605 0.067365 0.1262645213447444
valid_IFr_trained: 0.10804324270942563 0.212445 0.3168467572905744
accuracy_retrained: 0.7745964129955951 0.7926301243666514 0.8106638357377076
IFr_retrained: 0.039771337690792996 0.078305 0.116838662309207
valid_IFr_retrained: 0.10899339176376617 0.17506 0.24112660823623383
