validity: 0.4 0.4 0.4
average_pairwise_L0_distance: 10.878093293137091 11.153926024055702 11.429758754974312
average_pairwise_L1_distance: 3.5790062515616 3.927008587016374 4.2750109224711474
average_pairwise_binned_L0_distance: 9.049563958201144 9.684034849713857 10.31850574122657
accuracy_trained: 0.5989042345478515 0.7366804851834792 0.8744567358191069
IFr_trained: 0.008465478655255605 0.067365 0.1262645213447444
valid_IFr_trained: 0.10804324270942563 0.212445 0.3168467572905744
accuracy_retrained: 0.5165752199477043 0.7388914478734837 0.9612076757992631
IFr_retrained: 0.007858454485962493 0.06205000000000001 0.11624154551403752
valid_IFr_retrained: 0.026829087169947474 0.11572 0.20461091283005253
