validity: 0.0 0.0 0.0
average_pairwise_L0_distance: 10.941126346501372 11.20811711657463 11.475107886647889
average_pairwise_L1_distance: 3.690362658477156 4.032021331407948 4.373680004338739
average_pairwise_binned_L0_distance: 9.19835613798291 9.86316610996386 10.527976081944809
accuracy_trained: 0.5989042345478515 0.7366804851834792 0.8744567358191069
IFr_trained: 0.008465478655255605 0.067365 0.1262645213447444
valid_IFr_trained: 0.10804324270942563 0.212445 0.3168467572905744
accuracy_retrained: 0.6597102405431937 0.7706126209120221 0.8815150012808505
IFr_retrained: 0.018188289957501838 0.064495 0.11080171004249816
valid_IFr_retrained: 0.07581083145255435 0.16885 0.26188916854744565
