validity: 0.95 0.95 0.95
average_pairwise_L0_distance: 10.576374724985339 10.859507338677208 11.142639952369077
average_pairwise_L1_distance: 3.2659882740511796 3.505429769576805 3.74487126510243
average_pairwise_binned_L0_distance: 8.54497340365251 9.073326083799417 9.601678763946325
accuracy_trained: 0.5989042345478515 0.7366804851834792 0.8744567358191069
IFr_trained: 0.008465478655255605 0.067365 0.1262645213447444
valid_IFr_trained: 0.10804324270942563 0.212445 0.3168467572905744
accuracy_retrained: 0.6456203235952844 0.7615538154460311 0.8774873072967777
IFr_retrained: 0.033186411479087366 0.07796 0.12273358852091264
valid_IFr_retrained: 0.09798008846042283 0.159975 0.22196991153957718
