validity: 0.2 0.2 0.2
average_pairwise_L0_distance: 10.91083950582553 11.19344684639371 11.47605418696189
average_pairwise_L1_distance: 3.6446999069887536 4.000370789210311 4.356041671431868
average_pairwise_binned_L0_distance: 9.124809375410889 9.799881929415042 10.474954483419195
accuracy_trained: 0.5989042345478515 0.7366804851834792 0.8744567358191069
IFr_trained: 0.008465478655255605 0.067365 0.1262645213447444
valid_IFr_trained: 0.10804324270942563 0.212445 0.3168467572905744
accuracy_retrained: 0.7014839118321704 0.7729771226777216 0.8444703335232727
IFr_retrained: 0.05730660441335944 0.07280500000000001 0.08830339558664058
valid_IFr_retrained: 0.031450902346754114 0.13716499999999998 0.24287909765324583
