validity: 0.6 0.6 0.6
average_pairwise_L0_distance: 10.803313199258687 11.07791288988383 11.352512580508973
average_pairwise_L1_distance: 3.499435193333269 3.819174088941376 4.138912984549483
average_pairwise_binned_L0_distance: 8.920198698107082 9.515697602340632 10.111196506574181
accuracy_trained: 0.5989042345478515 0.7366804851834792 0.8744567358191069
IFr_trained: 0.008465478655255605 0.067365 0.1262645213447444
valid_IFr_trained: 0.10804324270942563 0.212445 0.3168467572905744
accuracy_retrained: 0.7894438204254508 0.7983417779824966 0.8072397355395424
IFr_retrained: 0.060863688396446694 0.088965 0.11706631160355331
valid_IFr_retrained: 0.02013274601704758 0.13688 0.25362725398295244
