validity: 0.9 0.9 0.9
average_pairwise_L0_distance: 12.474711990307801 12.940128205128204 13.405544419948606
average_pairwise_L1_distance: 6.529435596520987 7.124061204758037 7.718686812995088
average_pairwise_binned_L0_distance: 11.923379449684365 12.394358974358976 12.865338499033587
accuracy_trained: 0.7032215403459041 0.7610000000000001 0.8187784596540961
IFr_trained: 0.16194336006146112 0.22254749999999998 0.28315163993853887
valid_IFr_trained: 0.1291554863502674 0.15774250000000004 0.18632951364973266
accuracy_retrained: 0.7098567607109534 0.7645 0.8191432392890465
IFr_retrained: 0.09245488337064213 0.176085 0.25971511662935787
valid_IFr_retrained: 0.10724043416933908 0.15607249999999998 0.20490456583066086
