validity: 0.55 0.55 0.55
average_pairwise_L0_distance: 13.598179913124156 13.675128205128207 13.752076497132258
average_pairwise_L1_distance: 7.586558823255612 7.687984234719527 7.789409646183441
average_pairwise_binned_L0_distance: 13.129698903882918 13.202820512820514 13.27594212175811
accuracy_trained: 0.7427288467796913 0.7610000000000001 0.7792711532203089
IFr_trained: 0.203382788215864 0.22254749999999998 0.24171221178413596
valid_IFr_trained: 0.14870249253645224 0.15774250000000004 0.16678250746354784
accuracy_retrained: 0.7521741619400505 0.7655000000000001 0.7788258380599496
IFr_retrained: 0.16099020591112362 0.185865 0.2107397940888764
valid_IFr_retrained: 0.1489271068093027 0.1718025 0.19467789319069728
