validity: 1.0 1.0 1.0
average_pairwise_L0_distance: 12.518144457039975 12.633461538461537 12.7487786198831
average_pairwise_L1_distance: 6.70910690049283 6.911182614268587 7.113258328044345
average_pairwise_binned_L0_distance: 11.925270355904948 12.056794871794871 12.188319387684794
accuracy_trained: 0.7427288467796913 0.7610000000000001 0.7792711532203089
IFr_trained: 0.203382788215864 0.22254749999999998 0.24171221178413596
valid_IFr_trained: 0.14870249253645224 0.15774250000000004 0.16678250746354784
accuracy_retrained: 0.7527850027742214 0.7645000000000001 0.7762149972257787
IFr_retrained: 0.15493560188251854 0.179525 0.20411439811748144
valid_IFr_retrained: 0.13917665076339916 0.1602125 0.18124834923660085
