validity: 0.8 0.8 0.8
average_pairwise_L0_distance: 13.079736007754907 13.202820512820512 13.325905017886118
average_pairwise_L1_distance: 7.079864934895934 7.29335572019735 7.506846505498766
average_pairwise_binned_L0_distance: 12.527845112736845 12.675384615384615 12.822924118032386
accuracy_trained: 0.7427288467796913 0.7610000000000001 0.7792711532203089
IFr_trained: 0.203382788215864 0.22254749999999998 0.24171221178413596
valid_IFr_trained: 0.14870249253645224 0.15774250000000004 0.16678250746354784
accuracy_retrained: 0.748281554234024 0.7625 0.7767184457659759
IFr_retrained: 0.153320951555739 0.17910500000000001 0.20488904844426103
valid_IFr_retrained: 0.13365582266417841 0.1501775 0.16669917733582157
