validity: 1.0 1.0 1.0
average_pairwise_L0_distance: 12.268796908046314 12.633461538461537 12.99812616887676
average_pairwise_L1_distance: 6.272163098932929 6.911182614268587 7.550202129604245
average_pairwise_binned_L0_distance: 11.640877833431704 12.056794871794871 12.472711910158038
accuracy_trained: 0.7032215403459041 0.7610000000000001 0.8187784596540961
IFr_trained: 0.16194336006146112 0.22254749999999998 0.28315163993853887
valid_IFr_trained: 0.1291554863502674 0.15774250000000004 0.18632951364973266
accuracy_retrained: 0.7274539259839858 0.7645000000000001 0.8015460740160143
IFr_retrained: 0.10176649565610202 0.179525 0.25728350434389796
valid_IFr_retrained: 0.09369130389642712 0.1602125 0.2267336961035729
