validity: 0.0 0.0 0.0
average_pairwise_L0_distance: 13.927077542087588 14.048974358974359 14.17087117586113
average_pairwise_L1_distance: 7.828660232405373 7.909882104321023 7.991103976236672
average_pairwise_binned_L0_distance: 13.47145371728339 13.573717948717947 13.675982180152504
accuracy_trained: 0.7427288467796913 0.7610000000000001 0.7792711532203089
IFr_trained: 0.203382788215864 0.22254749999999998 0.24171221178413596
valid_IFr_trained: 0.14870249253645224 0.15774250000000004 0.16678250746354784
accuracy_retrained: 0.7463542283613682 0.7649999999999999 0.7836457716386316
IFr_retrained: 0.15313051889637286 0.17777 0.20240948110362716
valid_IFr_retrained: 0.13442719320963548 0.150105 0.1657828067903645
