validity: 0.2 0.2 0.2
average_pairwise_L0_distance: 13.946808887050821 14.041923076923078 14.137037266795335
average_pairwise_L1_distance: 7.721865137738402 7.835515444836714 7.949165751935026
average_pairwise_binned_L0_distance: 13.47436359997501 13.572435897435899 13.670508194896787
accuracy_trained: 0.7427288467796913 0.7610000000000001 0.7792711532203089
IFr_trained: 0.203382788215864 0.22254749999999998 0.24171221178413596
valid_IFr_trained: 0.14870249253645224 0.15774250000000004 0.16678250746354784
accuracy_retrained: 0.7491337065894564 0.7655 0.7818662934105435
IFr_retrained: 0.14295923512791633 0.17314000000000002 0.2033207648720837
valid_IFr_retrained: 0.14520928037398295 0.16162499999999996 0.17804071962601697
