validity: 0.9499999999999997 0.9499999999999998 0.95
average_pairwise_L0_distance: 12.640141716219574 12.767948717948716 12.895755719677858
average_pairwise_L1_distance: 6.823409600003794 7.0090810266907555 7.194752453377717
average_pairwise_binned_L0_distance: 12.062411169009298 12.195897435897438 12.329383702785577
accuracy_trained: 0.7427288467796913 0.7610000000000001 0.7792711532203089
IFr_trained: 0.203382788215864 0.22254749999999998 0.24171221178413596
valid_IFr_trained: 0.14870249253645224 0.15774250000000004 0.16678250746354784
accuracy_retrained: 0.7448779623891911 0.7645000000000001 0.784122037610809
IFr_retrained: 0.18978047166850423 0.21476 0.23973952833149578
valid_IFr_retrained: 0.1413862174888905 0.159015 0.1766437825111095
