validity: 0.9 0.9 0.9
average_pairwise_L0_distance: 12.792950675247535 12.940128205128204 13.087305735008872
average_pairwise_L1_distance: 6.936024077048831 7.124061204758037 7.312098332467244
average_pairwise_binned_L0_distance: 12.245422171431452 12.394358974358976 12.5432957772865
accuracy_trained: 0.7427288467796913 0.7610000000000001 0.7792711532203089
IFr_trained: 0.203382788215864 0.22254749999999998 0.24171221178413596
valid_IFr_trained: 0.14870249253645224 0.15774250000000004 0.16678250746354784
accuracy_retrained: 0.7472202905117012 0.7645 0.7817797094882987
IFr_retrained: 0.14963883504657055 0.176085 0.20253116495342943
valid_IFr_retrained: 0.1406304449123829 0.15607249999999998 0.17151455508761704
