validity: 0.2 0.2 0.2
average_pairwise_L0_distance: 13.741145599125025 14.041923076923078 14.342700554721132
average_pairwise_L1_distance: 7.476121617628445 7.835515444836714 8.194909272044983
average_pairwise_binned_L0_distance: 13.262304062093941 13.572435897435899 13.882567732777856
accuracy_trained: 0.7032215403459041 0.7610000000000001 0.8187784596540961
IFr_trained: 0.16194336006146112 0.22254749999999998 0.28315163993853887
valid_IFr_trained: 0.1291554863502674 0.15774250000000004 0.18632951364973266
accuracy_retrained: 0.7137452359680773 0.7655 0.8172547640319227
IFr_retrained: 0.07770004147821524 0.17314000000000002 0.2685799585217848
valid_IFr_retrained: 0.10971393655105877 0.16162499999999996 0.21353606344894116
