validity: 0.14999999999999994 0.14999999999999997 0.15
average_pairwise_L0_distance: 13.984113858128612 14.057948717948719 14.131783577768825
average_pairwise_L1_distance: 7.736326102615789 7.865284722567528 7.994243342519268
average_pairwise_binned_L0_distance: 13.522444521289529 13.593589743589746 13.664734965889963
accuracy_trained: 0.7427288467796913 0.7610000000000001 0.7792711532203089
IFr_trained: 0.203382788215864 0.22254749999999998 0.24171221178413596
valid_IFr_trained: 0.14870249253645224 0.15774250000000004 0.16678250746354784
accuracy_retrained: 0.7465405888376336 0.7605000000000001 0.7744594111623665
IFr_retrained: 0.14987635667706017 0.17215999999999998 0.19444364332293979
valid_IFr_retrained: 0.14651164230820873 0.1606825 0.17485335769179128
