validity: 0.25 0.25 0.25
average_pairwise_L0_distance: 13.931457235379122 14.02217948717949 14.112901738979856
average_pairwise_L1_distance: 7.77532103568808 7.850913249520717 7.9265054633533545
average_pairwise_binned_L0_distance: 13.471912206294453 13.556410256410256 13.64090830652606
accuracy_trained: 0.7427288467796913 0.7610000000000001 0.7792711532203089
IFr_trained: 0.203382788215864 0.22254749999999998 0.24171221178413596
valid_IFr_trained: 0.14870249253645224 0.15774250000000004 0.16678250746354784
accuracy_retrained: 0.7531933057783613 0.764 0.7748066942216387
IFr_retrained: 0.1259035264806733 0.15372249999999998 0.18154147351932667
valid_IFr_retrained: 0.1370357974406072 0.15227749999999998 0.16751920255939276
