validity: 0.8 0.8 0.8
average_pairwise_L0_distance: 12.813593132138665 13.202820512820512 13.59204789350236
average_pairwise_L1_distance: 6.618238579186878 7.29335572019735 7.968472861207822
average_pairwise_binned_L0_distance: 12.208823742169216 12.675384615384615 13.141945488600015
accuracy_trained: 0.7032215403459041 0.7610000000000001 0.8187784596540961
IFr_trained: 0.16194336006146112 0.22254749999999998 0.28315163993853887
valid_IFr_trained: 0.1291554863502674 0.15774250000000004 0.18632951364973266
accuracy_retrained: 0.7175373265919385 0.7625 0.8074626734080614
IFr_retrained: 0.09756867961601408 0.17910500000000001 0.26064132038398596
valid_IFr_retrained: 0.09793136885242124 0.1501775 0.20242363114757875
