validity: 0.5 0.5 0.5
average_pairwise_L0_distance: 13.571607191229745 13.656666666666666 13.741726142103587
average_pairwise_L1_distance: 7.562822158044281 7.656156380698237 7.749490603352192
average_pairwise_binned_L0_distance: 13.087115244195902 13.189358974358976 13.29160270452205
accuracy_trained: 0.7427288467796913 0.7610000000000001 0.7792711532203089
IFr_trained: 0.203382788215864 0.22254749999999998 0.24171221178413596
valid_IFr_trained: 0.14870249253645224 0.15774250000000004 0.16678250746354784
accuracy_retrained: 0.7468659614043974 0.7635000000000001 0.7801340385956027
IFr_retrained: 0.1614169550828072 0.1898325 0.21824804491719277
valid_IFr_retrained: 0.14296254671585645 0.159255 0.17554745328414356
