validity: 0.75 0.75 0.75
average_pairwise_L0_distance: 13.177309504054257 13.29576923076923 13.414228957484202
average_pairwise_L1_distance: 7.249961601132611 7.4094074483836945 7.568853295634778
average_pairwise_binned_L0_distance: 12.66268867869349 12.799358974358976 12.936029270024461
accuracy_trained: 0.7427288467796913 0.7610000000000001 0.7792711532203089
IFr_trained: 0.203382788215864 0.22254749999999998 0.24171221178413596
valid_IFr_trained: 0.14870249253645224 0.15774250000000004 0.16678250746354784
accuracy_retrained: 0.7408305623044228 0.756 0.7711694376955772
IFr_retrained: 0.15700834141801945 0.17945499999999998 0.2019016585819805
valid_IFr_retrained: 0.14125947696693458 0.15475500000000003 0.16825052303306548
