validity: 0.7 0.7 0.7
average_pairwise_L0_distance: 13.336837714319767 13.439358974358973 13.541880234398178
average_pairwise_L1_distance: 7.417286310280733 7.5245626591859605 7.6318390080911875
average_pairwise_binned_L0_distance: 12.857521162043383 12.951025641025641 13.044530120007899
accuracy_trained: 0.7427288467796913 0.7610000000000001 0.7792711532203089
IFr_trained: 0.203382788215864 0.22254749999999998 0.24171221178413596
valid_IFr_trained: 0.14870249253645224 0.15774250000000004 0.16678250746354784
accuracy_retrained: 0.7449269685536452 0.7645000000000001 0.784073031446355
IFr_retrained: 0.13943417619184895 0.1681025 0.19677082380815103
valid_IFr_retrained: 0.13259525419063944 0.147305 0.16201474580936054
