validity: 0.85 0.85 0.85
average_pairwise_L0_distance: 12.938014662349191 13.075128205128204 13.212241747907216
average_pairwise_L1_distance: 7.10169102659373 7.24623074298753 7.39077045938133
average_pairwise_binned_L0_distance: 12.418083758603395 12.564230769230772 12.710377779858149
accuracy_trained: 0.7427288467796913 0.7610000000000001 0.7792711532203089
IFr_trained: 0.203382788215864 0.22254749999999998 0.24171221178413596
valid_IFr_trained: 0.14870249253645224 0.15774250000000004 0.16678250746354784
accuracy_retrained: 0.7509345490972644 0.7655 0.7800654509027355
IFr_retrained: 0.16119804493527354 0.18798750000000003 0.21477695506472652
valid_IFr_retrained: 0.1428243563999564 0.163215 0.1836056436000436
