validity: 0.35 0.35 0.35
average_pairwise_L0_distance: 13.847312773851401 13.93974358974359 14.03217440563578
average_pairwise_L1_distance: 7.737984061319774 7.867628620876358 7.997273180432942
average_pairwise_binned_L0_distance: 13.393231351289726 13.47525641025641 13.557281469223094
accuracy_trained: 0.7427288467796913 0.7610000000000001 0.7792711532203089
IFr_trained: 0.203382788215864 0.22254749999999998 0.24171221178413596
valid_IFr_trained: 0.14870249253645224 0.15774250000000004 0.16678250746354784
accuracy_retrained: 0.7430017407429093 0.7585000000000001 0.7739982592570909
IFr_retrained: 0.15699316121316254 0.18450249999999999 0.21201183878683744
valid_IFr_retrained: 0.1461862570305611 0.15623249999999997 0.16627874296943884
