validity: 0.5 0.5 0.5
average_pairwise_L0_distance: 13.38768498770685 13.656666666666666 13.925648345626483
average_pairwise_L1_distance: 7.361007653470454 7.656156380698237 7.95130510792602
average_pairwise_binned_L0_distance: 12.866035910572004 13.189358974358976 13.512682038145948
accuracy_trained: 0.7032215403459041 0.7610000000000001 0.8187784596540961
IFr_trained: 0.16194336006146112 0.22254749999999998 0.28315163993853887
valid_IFr_trained: 0.1291554863502674 0.15774250000000004 0.18632951364973266
accuracy_retrained: 0.7108985513507471 0.7635000000000001 0.816101448649253
IFr_retrained: 0.09997465710685015 0.1898325 0.2796903428931498
valid_IFr_retrained: 0.1077337389502159 0.159255 0.2107762610497841
