validity: 0.35 0.35 0.35
average_pairwise_L0_distance: 13.647451685536586 13.93974358974359 14.232035493950596
average_pairwise_L1_distance: 7.457656526428205 7.867628620876358 8.277600715324512
average_pairwise_binned_L0_distance: 13.215870398712074 13.47525641025641 13.734642421800746
accuracy_trained: 0.7032215403459041 0.7610000000000001 0.8187784596540961
IFr_trained: 0.16194336006146112 0.22254749999999998 0.28315163993853887
valid_IFr_trained: 0.1291554863502674 0.15774250000000004 0.18632951364973266
accuracy_retrained: 0.7094902009798041 0.7585000000000001 0.807509799020196
IFr_retrained: 0.09751033250838038 0.18450249999999999 0.2714946674916196
valid_IFr_retrained: 0.12446349028911978 0.15623249999999997 0.18800150971088014
