validity: 0.75 0.75 0.75
average_pairwise_L0_distance: 12.92116668334882 13.29576923076923 13.670371778189638
average_pairwise_L1_distance: 6.905195407614975 7.4094074483836945 7.913619489152414
average_pairwise_binned_L0_distance: 12.367169551567404 12.799358974358976 13.231548397150547
accuracy_trained: 0.7032215403459041 0.7610000000000001 0.8187784596540961
IFr_trained: 0.16194336006146112 0.22254749999999998 0.28315163993853887
valid_IFr_trained: 0.1291554863502674 0.15774250000000004 0.18632951364973266
accuracy_retrained: 0.70803002605796 0.756 0.8039699739420401
IFr_retrained: 0.10847243302077614 0.17945499999999998 0.2504375669792238
valid_IFr_retrained: 0.11207840900024936 0.15475500000000003 0.19743159099975072
