validity: 0.4 0.4 0.4
average_pairwise_L0_distance: 13.837483524184927 13.887307692307692 13.937131860430457
average_pairwise_L1_distance: 7.763605906698097 7.863300961607521 7.9629960165169456
average_pairwise_binned_L0_distance: 13.360962968289327 13.423076923076923 13.48519087786452
accuracy_trained: 0.7427288467796913 0.7610000000000001 0.7792711532203089
IFr_trained: 0.203382788215864 0.22254749999999998 0.24171221178413596
valid_IFr_trained: 0.14870249253645224 0.15774250000000004 0.16678250746354784
accuracy_retrained: 0.749117831104228 0.7689999999999999 0.7888821688957718
IFr_retrained: 0.14113215631501141 0.1704475 0.1997628436849886
valid_IFr_retrained: 0.14619596609135155 0.1596175 0.17303903390864844
