validity: 0.05 0.05 0.05
average_pairwise_L0_distance: 13.993629650528943 14.085128205128205 14.176626759727467
average_pairwise_L1_distance: 7.8390320541986975 7.938761698959662 8.038491343720628
average_pairwise_binned_L0_distance: 13.491102693075229 13.587051282051283 13.682999871027336
accuracy_trained: 0.7427288467796913 0.7610000000000001 0.7792711532203089
IFr_trained: 0.203382788215864 0.22254749999999998 0.24171221178413596
valid_IFr_trained: 0.14870249253645224 0.15774250000000004 0.16678250746354784
accuracy_retrained: 0.7468310643045727 0.7655 0.7841689356954272
IFr_retrained: 0.1446166402274831 0.17169250000000003 0.19876835977251694
valid_IFr_retrained: 0.14360794554674386 0.15857749999999998 0.1735470544532561
