validity: 0.45 0.45 0.45
average_pairwise_L0_distance: 13.777581861502503 13.87179487179487 13.966007882087238
average_pairwise_L1_distance: 7.7188055093931345 7.82475075000414 7.930695990615146
average_pairwise_binned_L0_distance: 13.303527722227921 13.404743589743589 13.505959457259257
accuracy_trained: 0.7427288467796913 0.7610000000000001 0.7792711532203089
IFr_trained: 0.203382788215864 0.22254749999999998 0.24171221178413596
valid_IFr_trained: 0.14870249253645224 0.15774250000000004 0.16678250746354784
accuracy_retrained: 0.7382706539898097 0.7585 0.7787293460101902
IFr_retrained: 0.1480530571700717 0.18216000000000002 0.21626694282992834
valid_IFr_retrained: 0.13923544020780906 0.15970999999999996 0.18018455979219086
