validity: 0.1499999999999999 0.14999999999999997 0.15000000000000002
average_pairwise_L0_distance: 13.824462390197931 14.057948717948719 14.291435045699506
average_pairwise_L1_distance: 7.457481759607999 7.865284722567528 8.273087685527058
average_pairwise_binned_L0_distance: 13.368608796482057 13.593589743589746 13.818570690697435
accuracy_trained: 0.7032215403459041 0.7610000000000001 0.8187784596540961
IFr_trained: 0.16194336006146112 0.22254749999999998 0.28315163993853887
valid_IFr_trained: 0.1291554863502674 0.15774250000000004 0.18632951364973266
accuracy_retrained: 0.7163564659321436 0.7605000000000001 0.8046435340678565
IFr_retrained: 0.10169293253270714 0.17215999999999998 0.24262706746729282
valid_IFr_retrained: 0.1158703132958232 0.1606825 0.2054946867041768
