validity: 0.65 0.6500000000000001 0.6500000000000002
average_pairwise_L0_distance: 13.419270253921841 13.533461538461538 13.647652823001234
average_pairwise_L1_distance: 7.412643638822188 7.594937731700173 7.777231824578158
average_pairwise_binned_L0_distance: 12.93238457353838 13.053205128205127 13.174025682871873
accuracy_trained: 0.7427288467796913 0.7610000000000001 0.7792711532203089
IFr_trained: 0.203382788215864 0.22254749999999998 0.24171221178413596
valid_IFr_trained: 0.14870249253645224 0.15774250000000004 0.16678250746354784
accuracy_retrained: 0.7360214555084711 0.756 0.7759785444915289
IFr_retrained: 0.1600560129244539 0.18201499999999998 0.20397398707554606
valid_IFr_retrained: 0.14316010859429298 0.16035 0.177539891405707
