validity: 0.1 0.1 0.1
average_pairwise_L0_distance: 13.896498337864529 14.103205128205127 14.309911918545726
average_pairwise_L1_distance: 7.717241416593728 7.962995240305193 8.208749064016658
average_pairwise_binned_L0_distance: 13.309431119820385 13.606666666666666 13.903902213512946
accuracy_trained: 0.7032215403459041 0.7610000000000001 0.8187784596540961
IFr_trained: 0.16194336006146112 0.22254749999999998 0.28315163993853887
valid_IFr_trained: 0.1291554863502674 0.15774250000000004 0.18632951364973266
accuracy_retrained: 0.6929017182891062 0.7575000000000001 0.8220982817108939
IFr_retrained: 0.10045077305212108 0.16465249999999998 0.22885422694787888
valid_IFr_retrained: 0.11482284134449355 0.1608125 0.20680215865550644
