validity: 0.5999999999999998 0.5999999999999999 0.6
average_pairwise_L0_distance: 13.515210397297816 13.62179487179487 13.728379346291925
average_pairwise_L1_distance: 7.45174821251917 7.646700335360973 7.841652458202776
average_pairwise_binned_L0_distance: 13.047833473163637 13.157692307692306 13.267551142220976
accuracy_trained: 0.7427288467796913 0.7610000000000001 0.7792711532203089
IFr_trained: 0.203382788215864 0.22254749999999998 0.24171221178413596
valid_IFr_trained: 0.14870249253645224 0.15774250000000004 0.16678250746354784
accuracy_retrained: 0.747093666670523 0.7615000000000001 0.7759063333294771
IFr_retrained: 0.13765179293349278 0.16674 0.19582820706650722
valid_IFr_retrained: 0.14001538782804862 0.15738499999999997 0.17475461217195132
