validity: 0.5999999999999996 0.5999999999999999 0.6000000000000001
average_pairwise_L0_distance: 13.284745169172048 13.62179487179487 13.958844574417693
average_pairwise_L1_distance: 7.030207592495938 7.646700335360973 8.263193078226008
average_pairwise_binned_L0_distance: 12.810288169490164 13.157692307692306 13.505096445894448
accuracy_trained: 0.7032215403459041 0.7610000000000001 0.8187784596540961
IFr_trained: 0.16194336006146112 0.22254749999999998 0.28315163993853887
valid_IFr_trained: 0.1291554863502674 0.15774250000000004 0.18632951364973266
accuracy_retrained: 0.7159431739472557 0.7615000000000001 0.8070568260527444
IFr_retrained: 0.07475501261923226 0.16674 0.25872498738076777
valid_IFr_retrained: 0.10245746346284951 0.15738499999999997 0.21231253653715043
