validity: 0.2999999999999999 0.29999999999999993 0.3
average_pairwise_L0_distance: 13.932453648336693 14.01153846153846 14.090623274740228
average_pairwise_L1_distance: 7.818952328571731 7.893415308924359 7.967878289276987
average_pairwise_binned_L0_distance: 13.49649442617364 13.562820512820512 13.629146599467383
accuracy_trained: 0.7427288467796913 0.7610000000000001 0.7792711532203089
IFr_trained: 0.203382788215864 0.22254749999999998 0.24171221178413596
valid_IFr_trained: 0.14870249253645224 0.15774250000000004 0.16678250746354784
accuracy_retrained: 0.7491637044890235 0.7645000000000001 0.7798362955109767
IFr_retrained: 0.1484608195794812 0.18131499999999998 0.21416918042051875
valid_IFr_retrained: 0.14307068974302975 0.15888750000000001 0.17470431025697028
