validity: 0.1 0.1 0.1
average_pairwise_L0_distance: 14.03783870167521 14.103205128205127 14.168571554735045
average_pairwise_L1_distance: 7.88528105764282 7.962995240305193 8.040709422967565
average_pairwise_binned_L0_distance: 13.512672533706674 13.606666666666666 13.700660799626657
accuracy_trained: 0.7427288467796913 0.7610000000000001 0.7792711532203089
IFr_trained: 0.203382788215864 0.22254749999999998 0.24171221178413596
valid_IFr_trained: 0.14870249253645224 0.15774250000000004 0.16678250746354784
accuracy_retrained: 0.7370722296860377 0.7575000000000001 0.7779277703139624
IFr_retrained: 0.1443501313128492 0.16465249999999998 0.18495486868715075
valid_IFr_retrained: 0.14626929298349226 0.1608125 0.17535570701650774
