validity: 0.55 0.55 0.55
average_pairwise_L0_distance: 13.517126176892578 14.048974358974357 14.580822541056136
average_pairwise_L1_distance: 6.901563033497592 7.5758630323924425 8.250163031287293
average_pairwise_binned_L0_distance: 12.430723459048158 13.163846153846155 13.896968848644152
accuracy_trained: 0.5665596346734203 0.687 0.8074403653265798
IFr_trained: -0.01987978145152023 0.048115 0.11610978145152023
valid_IFr_trained: -0.011969888800134103 0.061235000000000005 0.1344398888001341
accuracy_retrained: 0.5920658953194387 0.7050000000000001 0.8179341046805615
IFr_retrained: -0.021695368764204748 0.06468499999999999 0.15106536876420473
valid_IFr_retrained: -0.01949456435655919 0.084345 0.1881845643565592
