validity: 1.0 1.0 1.0
average_pairwise_L0_distance: 12.756930118147991 13.158461538461538 13.559992958775084
average_pairwise_L1_distance: 6.464269350794325 6.877504367427439 7.2907393840605526
average_pairwise_binned_L0_distance: 11.446684340688716 12.095384615384614 12.744084890080511
accuracy_trained: 0.5665596346734203 0.687 0.8074403653265798
IFr_trained: -0.01987978145152023 0.048115 0.11610978145152023
valid_IFr_trained: -0.011969888800134103 0.061235000000000005 0.1344398888001341
accuracy_retrained: 0.6500667347932236 0.714 0.7779332652067763
IFr_retrained: -0.019756086292078513 0.038380000000000004 0.09651608629207853
valid_IFr_retrained: -0.023586787865555778 0.05584 0.1352667878655558
