validity: 0.9 0.9 0.9
average_pairwise_L0_distance: 13.02687850341982 13.431794871794873 13.836711240169926
average_pairwise_L1_distance: 6.6528255121620905 7.091998657451145 7.5311718027402
average_pairwise_binned_L0_distance: 11.6962681724926 12.404871794871793 13.113475417250987
accuracy_trained: 0.5665596346734203 0.687 0.8074403653265798
IFr_trained: -0.01987978145152023 0.048115 0.11610978145152023
valid_IFr_trained: -0.011969888800134103 0.061235000000000005 0.1344398888001341
accuracy_retrained: 0.5677271325611734 0.704 0.8402728674388266
IFr_retrained: -0.0036463199332387036 0.046849999999999996 0.0973463199332387
valid_IFr_retrained: 0.012053052936792763 0.05682 0.10158694706320724
