validity: 0.95 0.95 0.95
average_pairwise_L0_distance: 12.777573149050806 13.279743589743592 13.78191403043638
average_pairwise_L1_distance: 6.4713871705152535 6.969193440295252 7.46699971007525
average_pairwise_binned_L0_distance: 11.532322528213477 12.27153846153846 13.010754394863444
accuracy_trained: 0.5665596346734203 0.687 0.8074403653265798
IFr_trained: -0.01987978145152023 0.048115 0.11610978145152023
valid_IFr_trained: -0.011969888800134103 0.061235000000000005 0.1344398888001341
accuracy_retrained: 0.6720667347932237 0.736 0.7999332652067763
IFr_retrained: -0.045545325649139004 0.04943 0.144405325649139
valid_IFr_retrained: -0.035241926068105715 0.05264 0.1405219260681057
