validity: 0.15 0.15 0.15
average_pairwise_L0_distance: 13.742900319214087 14.11051282051282 14.478125321811554
average_pairwise_L1_distance: 7.294700296589404 7.7191417770263895 8.143583257463375
average_pairwise_binned_L0_distance: 12.524038708985861 13.234102564102566 13.94416641921927
accuracy_trained: 0.5665596346734203 0.687 0.8074403653265798
IFr_trained: -0.01987978145152023 0.048115 0.11610978145152023
valid_IFr_trained: -0.011969888800134103 0.061235000000000005 0.1344398888001341
accuracy_retrained: 0.6329576850041707 0.7 0.7670423149958292
IFr_retrained: -0.00047331238562082004 0.0158 0.03207331238562082
valid_IFr_retrained: -0.0033353717384663785 0.024765 0.05286537173846638
