validity: 0.0 0.0 0.0
average_pairwise_L0_distance: 13.991854951015208 14.24794871794872 14.504042484882232
average_pairwise_L1_distance: 7.402727532461021 7.796232863164986 8.189738193868951
average_pairwise_binned_L0_distance: 12.874087120755942 13.37 13.865912879244057
accuracy_trained: 0.5665596346734203 0.687 0.8074403653265798
IFr_trained: -0.01987978145152023 0.048115 0.11610978145152023
valid_IFr_trained: -0.011969888800134103 0.061235000000000005 0.1344398888001341
accuracy_retrained: 0.6247361002832926 0.701 0.7772638997167073
IFr_retrained: -0.020808330330362543 0.03436 0.08952833033036255
valid_IFr_retrained: -0.02106117855405682 0.039395 0.09985117855405681
