validity: 0.35 0.35 0.35
average_pairwise_L0_distance: 13.724267417016131 14.086666666666668 14.449065916317204
average_pairwise_L1_distance: 7.2670109815815005 7.68719229664252 8.10737361170354
average_pairwise_binned_L0_distance: 12.578777743757794 13.201282051282053 13.823786358806313
accuracy_trained: 0.5665596346734203 0.687 0.8074403653265798
IFr_trained: -0.01987978145152023 0.048115 0.11610978145152023
valid_IFr_trained: -0.011969888800134103 0.061235000000000005 0.1344398888001341
accuracy_retrained: 0.5565649170438692 0.7300000000000001 0.903435082956131
IFr_retrained: -0.06294445762532733 0.09107499999999999 0.2450944576253273
valid_IFr_retrained: -0.035282864727545826 0.09897500000000001 0.23323286472754584
