validity: 0.25 0.25 0.25
average_pairwise_L0_distance: 13.767803771218755 14.127692307692309 14.487580844165862
average_pairwise_L1_distance: 7.1415458966548915 7.5920383980022 8.042530899349508
average_pairwise_binned_L0_distance: 12.588555226825969 13.21948717948718 13.85041913214839
accuracy_trained: 0.5665596346734203 0.687 0.8074403653265798
IFr_trained: -0.01987978145152023 0.048115 0.11610978145152023
valid_IFr_trained: -0.011969888800134103 0.061235000000000005 0.1344398888001341
accuracy_retrained: 0.5262313296391747 0.6459999999999999 0.7657686703608251
IFr_retrained: -0.0036541813069437025 0.020665 0.044984181306943705
valid_IFr_retrained: -0.006661551334825346 0.029095 0.06485155133482534
