validity: 0.8 0.8 0.8
average_pairwise_L0_distance: 13.121903147513798 13.57179487179487 14.021686596075941
average_pairwise_L1_distance: 6.84011361170254 7.182007530428342 7.523901449154144
average_pairwise_binned_L0_distance: 11.784431351198219 12.577948717948718 13.371466084699218
accuracy_trained: 0.5665596346734203 0.687 0.8074403653265798
IFr_trained: -0.01987978145152023 0.048115 0.11610978145152023
valid_IFr_trained: -0.011969888800134103 0.061235000000000005 0.1344398888001341
accuracy_retrained: 0.6668171065386016 0.732 0.7971828934613984
IFr_retrained: -0.040578072052563044 0.06028 0.16113807205256303
valid_IFr_retrained: -0.0202771519374121 0.06625 0.1527771519374121
