validity: 0.3 0.3 0.3
average_pairwise_L0_distance: 13.860617156366308 14.222820512820514 14.58502386927472
average_pairwise_L1_distance: 7.179311964537335 7.6707384792181115 8.162164993898887
average_pairwise_binned_L0_distance: 12.841980522996426 13.367179487179488 13.89237845136255
accuracy_trained: 0.5665596346734203 0.687 0.8074403653265798
IFr_trained: -0.01987978145152023 0.048115 0.11610978145152023
valid_IFr_trained: -0.011969888800134103 0.061235000000000005 0.1344398888001341
accuracy_retrained: 0.43515190592203135 0.6439999999999999 0.8528480940779685
IFr_retrained: -0.028612744381844597 0.029985 0.0885827443818446
valid_IFr_retrained: -0.02435316428433025 0.04836 0.12107316428433025
