validity: 0.7 0.7 0.7
average_pairwise_L0_distance: 13.307681869296502 13.746410256410254 14.185138643524006
average_pairwise_L1_distance: 6.8206897180964265 7.360351145586438 7.900012573076449
average_pairwise_binned_L0_distance: 12.243876557008466 12.762564102564102 13.281251648119738
accuracy_trained: 0.5665596346734203 0.687 0.8074403653265798
IFr_trained: -0.01987978145152023 0.048115 0.11610978145152023
valid_IFr_trained: -0.011969888800134103 0.061235000000000005 0.1344398888001341
accuracy_retrained: 0.467830570153872 0.6839999999999999 0.9001694298461278
IFr_retrained: -0.019691992530335295 0.036265000000000006 0.0922219925303353
valid_IFr_retrained: -0.008160761970403788 0.040505 0.08917076197040379
