validity: 0.4 0.4 0.4
average_pairwise_L0_distance: 13.820698150381018 14.146666666666667 14.472635182952315
average_pairwise_L1_distance: 7.335682535045087 7.705530685252407 8.075378835459729
average_pairwise_binned_L0_distance: 12.641274522490011 13.256153846153847 13.871033169817682
accuracy_trained: 0.5665596346734203 0.687 0.8074403653265798
IFr_trained: -0.01987978145152023 0.048115 0.11610978145152023
valid_IFr_trained: -0.011969888800134103 0.061235000000000005 0.1344398888001341
accuracy_retrained: 0.5654652393501789 0.7130000000000001 0.8605347606498213
IFr_retrained: -0.01983589653080356 0.064185 0.14820589653080357
valid_IFr_retrained: -0.020168363208818638 0.08466000000000001 0.18948836320881868
