validity: 0.6 0.6 0.6
average_pairwise_L0_distance: 13.296802231365032 13.866410256410257 14.436018281455482
average_pairwise_L1_distance: 6.944525013752706 7.48757970762269 8.030634401492675
average_pairwise_binned_L0_distance: 12.016334701490003 12.866410256410257 13.71648581133051
accuracy_trained: 0.5665596346734203 0.687 0.8074403653265798
IFr_trained: -0.01987978145152023 0.048115 0.11610978145152023
valid_IFr_trained: -0.011969888800134103 0.061235000000000005 0.1344398888001341
accuracy_retrained: 0.5751334695864474 0.7030000000000001 0.8308665304135527
IFr_retrained: -0.046451975951303875 0.066335 0.17912197595130389
valid_IFr_retrained: -0.008239408493264544 0.072295 0.15282940849326454
