validity: 0.45 0.45 0.45
average_pairwise_L0_distance: 13.75977876753897 14.124615384615385 14.4894520016918
average_pairwise_L1_distance: 7.31024198018181 7.629442770402048 7.948643560622286
average_pairwise_binned_L0_distance: 12.8163000351065 13.264358974358974 13.712417913611446
accuracy_trained: 0.5665596346734203 0.687 0.8074403653265798
IFr_trained: -0.01987978145152023 0.048115 0.11610978145152023
valid_IFr_trained: -0.011969888800134103 0.061235000000000005 0.1344398888001341
accuracy_retrained: 0.6727393484239617 0.724 0.7752606515760383
IFr_retrained: -0.0251888263741583 0.034894999999999995 0.09497882637415829
valid_IFr_retrained: -0.03033712394941185 0.051415 0.13316712394941185
