validity: 0.75 0.75 0.75
average_pairwise_L0_distance: 13.109274918191225 13.69025641025641 14.271237902321595
average_pairwise_L1_distance: 6.6717358297401415 7.286689896076771 7.9016439624134005
average_pairwise_binned_L0_distance: 11.761257253447106 12.651538461538461 13.541819669629817
accuracy_trained: 0.5665596346734203 0.687 0.8074403653265798
IFr_trained: -0.01987978145152023 0.048115 0.11610978145152023
valid_IFr_trained: -0.011969888800134103 0.061235000000000005 0.1344398888001341
accuracy_retrained: 0.632417672014265 0.6990000000000001 0.7655823279857351
IFr_retrained: -0.043182492435409066 0.050465 0.14411249243540908
valid_IFr_retrained: -0.04917156940857541 0.064 0.17717156940857542
