validity: 0.1 0.1 0.1
average_pairwise_L0_distance: 14.045111806231281 14.283846153846152 14.522580501461023
average_pairwise_L1_distance: 7.416024418786929 7.781540580334696 8.147056741882464
average_pairwise_binned_L0_distance: 13.009070812044536 13.468974358974359 13.928877905904182
accuracy_trained: 0.5665596346734203 0.687 0.8074403653265798
IFr_trained: -0.01987978145152023 0.048115 0.11610978145152023
valid_IFr_trained: -0.011969888800134103 0.061235000000000005 0.1344398888001341
accuracy_retrained: 0.6324307905844633 0.7180000000000001 0.8035692094155369
IFr_retrained: -0.01767804655457858 0.069525 0.1567280465545786
valid_IFr_retrained: -0.004315358554032145 0.0893 0.18291535855403215
