validity: 0.5 0.5 0.5
average_pairwise_L0_distance: 13.75896613995933 14.063333333333333 14.367700526707335
average_pairwise_L1_distance: 7.1496481543858845 7.580767125785229 8.011886097184574
average_pairwise_binned_L0_distance: 12.662210874533997 13.202051282051281 13.741891689568565
accuracy_trained: 0.5665596346734203 0.687 0.8074403653265798
IFr_trained: -0.01987978145152023 0.048115 0.11610978145152023
valid_IFr_trained: -0.011969888800134103 0.061235000000000005 0.1344398888001341
accuracy_retrained: 0.5566683594296337 0.71 0.8633316405703663
IFr_retrained: -0.05745066081126689 0.058789999999999995 0.1750306608112669
valid_IFr_retrained: -0.03923071088153446 0.06825 0.17573071088153447
