validity: 0.2 0.2 0.2
average_pairwise_L0_distance: 13.954415740330532 14.250769230769231 14.54712272120793
average_pairwise_L1_distance: 7.42753825365337 7.792759553920192 8.157980854187015
average_pairwise_binned_L0_distance: 12.852440346804357 13.350256410256412 13.848072473708466
accuracy_trained: 0.5665596346734203 0.687 0.8074403653265798
IFr_trained: -0.01987978145152023 0.048115 0.11610978145152023
valid_IFr_trained: -0.011969888800134103 0.061235000000000005 0.1344398888001341
accuracy_retrained: 0.5138824470024057 0.661 0.8081175529975944
IFr_retrained: -0.03228200080082713 0.08185 0.19598200080082714
valid_IFr_retrained: -0.015805580700924346 0.0901 0.19600558070092433
