validity: 0.05 0.05 0.05
average_pairwise_L0_distance: 13.875277878980182 14.25 14.624722121019818
average_pairwise_L1_distance: 7.24374169383967 7.701968795407706 8.160195896975742
average_pairwise_binned_L0_distance: 12.82077364488478 13.368461538461537 13.916149432038294
accuracy_trained: 0.5665596346734203 0.687 0.8074403653265798
IFr_trained: -0.01987978145152023 0.048115 0.11610978145152023
valid_IFr_trained: -0.011969888800134103 0.061235000000000005 0.1344398888001341
accuracy_retrained: 0.5787510888942662 0.6890000000000001 0.7992489111057339
IFr_retrained: -0.004561080864977911 0.016245 0.03705108086497791
valid_IFr_retrained: -0.008862949985815528 0.030000000000000006 0.06886294998581555
