validity: 0.85 0.85 0.85
average_pairwise_L0_distance: 13.126053670450782 13.515641025641026 13.90522838083127
average_pairwise_L1_distance: 6.690881519215311 7.162695382294919 7.6345092453745265
average_pairwise_binned_L0_distance: 11.787332574183553 12.511282051282052 13.23523152838055
accuracy_trained: 0.5665596346734203 0.687 0.8074403653265798
IFr_trained: -0.01987978145152023 0.048115 0.11610978145152023
valid_IFr_trained: -0.011969888800134103 0.061235000000000005 0.1344398888001341
accuracy_retrained: 0.6270755524588798 0.71 0.7929244475411201
IFr_retrained: -0.06750589571146336 0.12069 0.30888589571146335
valid_IFr_retrained: -0.02882886572960569 0.11530499999999999 0.25943886572960567
