validity: 0.65 0.65 0.65
average_pairwise_L0_distance: 13.465489366180075 13.845384615384614 14.225279864589153
average_pairwise_L1_distance: 6.910901472465855 7.390930632213435 7.870959791961016
average_pairwise_binned_L0_distance: 12.346413110107214 12.944871794871796 13.543330479636378
accuracy_trained: 0.5665596346734203 0.687 0.8074403653265798
IFr_trained: -0.01987978145152023 0.048115 0.11610978145152023
valid_IFr_trained: -0.011969888800134103 0.061235000000000005 0.1344398888001341
accuracy_retrained: 0.6226094215284453 0.738 0.8533905784715546
IFr_retrained: -0.024766251238056397 0.07175499999999999 0.16827625123805637
valid_IFr_retrained: -0.022473981244902005 0.09059500000000001 0.20366398124490204
