validity: 0.2999999999999998 0.29999999999999993 0.30000000000000004
average_pairwise_L0_distance: 13.856846710337326 14.223589743589745 14.590332776842164
average_pairwise_L1_distance: 7.251386901340587 7.701300080387183 8.15121325943378
average_pairwise_binned_L0_distance: 12.60191148896309 13.362051282051283 14.122191075139476
accuracy_trained: 0.6572880912796042 0.726 0.7947119087203958
IFr_trained: -0.0711429052843418 0.07821249999999999 0.2275679052843418
valid_IFr_trained: -0.03562661936846474 0.0698975 0.17542161936846473
accuracy_retrained: 0.20432068385292307 0.5775 0.950679316147077
IFr_retrained: -0.03881879870963529 0.013275 0.06536879870963529
valid_IFr_retrained: -0.0369127743801467 0.0118775 0.0606677743801467
