validity: 0.6499999999999999 0.6500000000000001 0.6500000000000004
average_pairwise_L0_distance: 13.53460550907699 13.908846153846152 14.283086798615315
average_pairwise_L1_distance: 7.054548867571589 7.415166357272692 7.775783846973794
average_pairwise_binned_L0_distance: 12.384415614340341 13.014102564102567 13.643789513864792
accuracy_trained: 0.6572880912796042 0.726 0.7947119087203958
IFr_trained: -0.0711429052843418 0.07821249999999999 0.2275679052843418
valid_IFr_trained: -0.03562661936846474 0.0698975 0.17542161936846473
accuracy_retrained: 0.2207024919986561 0.589 0.9572975080013438
IFr_retrained: -0.08277983381739056 0.03922250000000001 0.16122483381739056
valid_IFr_retrained: -0.06945766016827803 0.0353225 0.14010266016827805
