validity: 0.7 0.7 0.7
average_pairwise_L0_distance: 13.58215186340178 13.92525641025641 14.268360957111039
average_pairwise_L1_distance: 6.981621107440926 7.4679142260454485 7.954207344649971
average_pairwise_binned_L0_distance: 12.423013607534184 13.035384615384615 13.647755623235046
accuracy_trained: 0.6572880912796042 0.726 0.7947119087203958
IFr_trained: -0.0711429052843418 0.07821249999999999 0.2275679052843418
valid_IFr_trained: -0.03562661936846474 0.0698975 0.17542161936846473
accuracy_retrained: 0.2865670287885071 0.6319999999999999 0.9774329712114926
IFr_retrained: -0.05787462808603241 0.038842499999999995 0.1355596280860324
valid_IFr_retrained: -0.04956309375577013 0.0325375 0.11463809375577012
