validity: 0.9 0.9 0.9
average_pairwise_L0_distance: 13.12542965345486 13.507435897435897 13.889442141416934
average_pairwise_L1_distance: 6.645375152051406 7.096395503566316 7.547415855081226
average_pairwise_binned_L0_distance: 11.923338915068287 12.552692307692308 13.182045700316328
accuracy_trained: 0.6572880912796042 0.726 0.7947119087203958
IFr_trained: -0.0711429052843418 0.07821249999999999 0.2275679052843418
valid_IFr_trained: -0.03562661936846474 0.0698975 0.17542161936846473
accuracy_retrained: 0.2982971806154009 0.62 0.9417028193845991
IFr_retrained: -0.05343064405607688 0.024545 0.10252064405607687
valid_IFr_retrained: -0.04003466093271138 0.0175525 0.07513966093271138
