validity: 0.0 0.0 0.0
average_pairwise_L0_distance: 14.022270701287953 14.286282051282052 14.550293401276152
average_pairwise_L1_distance: 7.283162544743277 7.756306773794331 8.229451002845385
average_pairwise_binned_L0_distance: 12.80653914789247 13.437051282051282 14.067563416210094
accuracy_trained: 0.6572880912796042 0.726 0.7947119087203958
IFr_trained: -0.0711429052843418 0.07821249999999999 0.2275679052843418
valid_IFr_trained: -0.03562661936846474 0.0698975 0.17542161936846473
accuracy_retrained: 0.3186083191914628 0.6319999999999999 0.945391680808537
IFr_retrained: -0.06088201357700291 0.0374475 0.13577701357700292
valid_IFr_retrained: -0.05988280439543649 0.03573 0.1313428043954365
