validity: 0.05 0.05 0.05
average_pairwise_L0_distance: 13.801231915253629 14.26 14.71876808474637
average_pairwise_L1_distance: 7.121270638788784 7.748820117790705 8.376369596792625
average_pairwise_binned_L0_distance: 12.481946404477778 13.401923076923078 14.321899749368377
accuracy_trained: 0.6572880912796042 0.726 0.7947119087203958
IFr_trained: -0.0711429052843418 0.07821249999999999 0.2275679052843418
valid_IFr_trained: -0.03562661936846474 0.0698975 0.17542161936846473
accuracy_retrained: 0.20702479868663326 0.5820000000000001 0.9569752013133669
IFr_retrained: -0.07130130394585942 0.034907499999999994 0.1411163039458594
valid_IFr_retrained: -0.03609353571708983 0.026087499999999996 0.08826853571708981
