validity: 0.4 0.4 0.4
average_pairwise_L0_distance: 13.868821654073558 14.191153846153844 14.513486038234129
average_pairwise_L1_distance: 7.264626291578373 7.669870225802353 8.075114160026333
average_pairwise_binned_L0_distance: 12.692944597593744 13.356923076923076 14.020901556252408
accuracy_trained: 0.6572880912796042 0.726 0.7947119087203958
IFr_trained: -0.0711429052843418 0.07821249999999999 0.2275679052843418
valid_IFr_trained: -0.03562661936846474 0.0698975 0.17542161936846473
accuracy_retrained: 0.3193373253690475 0.6420000000000001 0.9646626746309528
IFr_retrained: -0.04902877915051377 0.023985 0.09699877915051378
valid_IFr_retrained: -0.03626295897163857 0.01796 0.07218295897163857
