validity: 0.2 0.2 0.2
average_pairwise_L0_distance: 13.95158218577604 14.27551282051282 14.599443455249599
average_pairwise_L1_distance: 7.32293507046488 7.772164498146397 8.221393925827915
average_pairwise_binned_L0_distance: 12.708462929312423 13.422435897435898 14.136408865559373
accuracy_trained: 0.6572880912796042 0.726 0.7947119087203958
IFr_trained: -0.0711429052843418 0.07821249999999999 0.2275679052843418
valid_IFr_trained: -0.03562661936846474 0.0698975 0.17542161936846473
accuracy_retrained: 0.39734327104904527 0.6519999999999999 0.9066567289509546
IFr_retrained: -0.12564684920717561 0.045937500000000006 0.21752184920717565
valid_IFr_retrained: -0.08893925365348346 0.0381925 0.16532425365348344
