validity: 0.5999999999999996 0.5999999999999999 0.6000000000000001
average_pairwise_L0_distance: 13.548679683339156 14.034487179487177 14.5202946756352
average_pairwise_L1_distance: 6.9459349533260415 7.466750381217575 7.987565809109109
average_pairwise_binned_L0_distance: 12.302147529714869 13.147307692307692 13.992467854900514
accuracy_trained: 0.6572880912796042 0.726 0.7947119087203958
IFr_trained: -0.0711429052843418 0.07821249999999999 0.2275679052843418
valid_IFr_trained: -0.03562661936846474 0.0698975 0.17542161936846473
accuracy_retrained: 0.29034512198995266 0.6289999999999999 0.9676548780100471
IFr_retrained: -0.08387295517962064 0.0534525 0.19077795517962065
valid_IFr_retrained: -0.05488006949540853 0.03712000000000001 0.12912006949540855
