validity: 0.1 0.1 0.1
average_pairwise_L0_distance: 13.857443721974906 14.25205128205128 14.646658842127653
average_pairwise_L1_distance: 7.273269000806849 7.767289066514176 8.261309132221504
average_pairwise_binned_L0_distance: 12.70088496822907 13.376794871794871 14.052704775360672
accuracy_trained: 0.6572880912796042 0.726 0.7947119087203958
IFr_trained: -0.0711429052843418 0.07821249999999999 0.2275679052843418
valid_IFr_trained: -0.03562661936846474 0.0698975 0.17542161936846473
accuracy_retrained: 0.09088898095415016 0.4919999999999999 0.8931110190458496
IFr_retrained: -0.10844473974895069 0.036402500000000004 0.1812497397489507
valid_IFr_retrained: -0.09690427410717048 0.033182500000000004 0.1632692741071705
