validity: 0.35 0.35 0.35
average_pairwise_L0_distance: 13.745208809199632 14.17628205128205 14.607355293364467
average_pairwise_L1_distance: 7.341044323483841 7.715099602760235 8.08915488203663
average_pairwise_binned_L0_distance: 12.57301128902385 13.327051282051283 14.081091275078716
accuracy_trained: 0.6572880912796042 0.726 0.7947119087203958
IFr_trained: -0.0711429052843418 0.07821249999999999 0.2275679052843418
valid_IFr_trained: -0.03562661936846474 0.0698975 0.17542161936846473
accuracy_retrained: 0.6716112786328752 0.707 0.7423887213671247
IFr_retrained: -0.1488161962126145 0.0565075 0.2618311962126145
valid_IFr_retrained: -0.08463075737169609 0.0319725 0.1485757573716961
