validity: 0.1499999999999999 0.14999999999999997 0.15000000000000002
average_pairwise_L0_distance: 13.978326868615717 14.339871794871794 14.70141672112787
average_pairwise_L1_distance: 7.360545993508627 7.824458795352461 8.288371597196296
average_pairwise_binned_L0_distance: 12.70884529240078 13.475641025641028 14.242436758881277
accuracy_trained: 0.6572880912796042 0.726 0.7947119087203958
IFr_trained: -0.0711429052843418 0.07821249999999999 0.2275679052843418
valid_IFr_trained: -0.03562661936846474 0.0698975 0.17542161936846473
accuracy_retrained: 0.3001455016968998 0.6154999999999999 0.9308544983031001
IFr_retrained: -0.0618494698584362 0.034117499999999995 0.1300844698584362
valid_IFr_retrained: -0.04479037453356376 0.0283875 0.10156537453356375
