validity: 0.45 0.45 0.45
average_pairwise_L0_distance: 13.50896471639429 13.627948717948717 13.746932719503144
average_pairwise_L1_distance: 7.085950595714875 7.204084927264789 7.3222192588147035
average_pairwise_binned_L0_distance: 12.41078619769915 12.649102564102565 12.88741893050598
accuracy_trained: 0.7156638359384387 0.73 0.7443361640615612
IFr_trained: 0.011639935013802434 0.0199075 0.028175064986197568
valid_IFr_trained: 0.012056605518907552 0.0208925 0.02972839448109245
accuracy_retrained: 0.3717674894866091 0.49750000000000016 0.6232325105133912
IFr_retrained: -0.00012056784374527799 0.000835 0.001790567843745278
valid_IFr_retrained: -0.00023111537175416526 0.0012225 0.0026761153717541654
