validity: 0.9 0.9 0.9
average_pairwise_L0_distance: 12.382899298485276 12.930128205128204 13.477357111771132
average_pairwise_L1_distance: 6.132876904780715 6.59202040757131 7.051163910361905
average_pairwise_binned_L0_distance: 10.945140647911586 11.880128205128205 12.815115762344824
accuracy_trained: 0.684665068655616 0.73 0.7753349313443839
IFr_trained: -0.006236836059842862 0.0199075 0.046051836059842866
valid_IFr_trained: -0.007049051725163725 0.0208925 0.048834051725163724
accuracy_retrained: 0.6274567991204998 0.7034999999999999 0.7795432008795
IFr_retrained: -0.011423991493216067 0.004575 0.020573991493216065
valid_IFr_retrained: -0.008641379296042489 0.0038625 0.01636637929604249
