validity: 0.5999999999999998 0.5999999999999999 0.6
average_pairwise_L0_distance: 13.36727330965686 13.48679487179487 13.606316433932882
average_pairwise_L1_distance: 6.939992542238071 7.069232962613053 7.198473382988035
average_pairwise_binned_L0_distance: 12.27767008954644 12.51974358974359 12.761817089940738
accuracy_trained: 0.7156638359384387 0.73 0.7443361640615612
IFr_trained: 0.011639935013802434 0.0199075 0.028175064986197568
valid_IFr_trained: 0.012056605518907552 0.0208925 0.02972839448109245
accuracy_retrained: 0.5526925311797577 0.645 0.7373074688202423
IFr_retrained: 0.0020648242248209577 0.007239999999999999 0.01241517577517904
valid_IFr_retrained: 0.0019004710241508939 0.005954999999999999 0.010009528975849105
