validity: 0.75 0.75 0.75
average_pairwise_L0_distance: 13.081466926547419 13.23 13.378533073452582
average_pairwise_L1_distance: 6.679143503218829 6.8421968519163086 7.005250200613788
average_pairwise_binned_L0_distance: 11.924971329860679 12.19628205128205 12.467592772703423
accuracy_trained: 0.7156638359384387 0.73 0.7443361640615612
IFr_trained: 0.011639935013802434 0.0199075 0.028175064986197568
valid_IFr_trained: 0.012056605518907552 0.0208925 0.02972839448109245
accuracy_retrained: 0.4002825465364323 0.531 0.6617174534635677
IFr_retrained: 0.000390874198991014 0.01019 0.019989125801008985
valid_IFr_retrained: 0.0014821214832882734 0.011377499999999999 0.021272878516711724
