validity: 0.75 0.75 0.75
average_pairwise_L0_distance: 12.76029718002475 13.23 13.69970281997525
average_pairwise_L1_distance: 6.326576889914625 6.8421968519163086 7.357816813917992
average_pairwise_binned_L0_distance: 11.338322217967079 12.19628205128205 13.054241884597023
accuracy_trained: 0.684665068655616 0.73 0.7753349313443839
IFr_trained: -0.006236836059842862 0.0199075 0.046051836059842866
valid_IFr_trained: -0.007049051725163725 0.0208925 0.048834051725163724
accuracy_retrained: 0.11763511711806002 0.531 0.94436488288194
IFr_retrained: -0.02079755660971029 0.01019 0.04117755660971029
valid_IFr_retrained: -0.019914434422307607 0.011377499999999999 0.042669434422307605
