validity: 0.0 0.0 0.0
average_pairwise_L0_distance: 13.2569546953566 13.813333333333333 14.369711971310066
average_pairwise_L1_distance: 6.933756396146102 7.3601708987342445 7.7865854013223865
average_pairwise_binned_L0_distance: 11.743700615182046 12.75474358974359 13.765786564305134
accuracy_trained: 0.684665068655616 0.73 0.7753349313443839
IFr_trained: -0.006236836059842862 0.0199075 0.046051836059842866
valid_IFr_trained: -0.007049051725163725 0.0208925 0.048834051725163724
accuracy_retrained: 0.25315138161796275 0.5980000000000001 0.9428486183820375
IFr_retrained: -0.02073183537030849 0.0082275 0.03718683537030849
valid_IFr_retrained: -0.018712600574160555 0.008457500000000001 0.03562760057416056
