validity: 0.2 0.2 0.2
average_pairwise_L0_distance: 13.732300013795479 13.849871794871794 13.967443575948108
average_pairwise_L1_distance: 7.173317418988669 7.337540835860973 7.5017642527332775
average_pairwise_binned_L0_distance: 12.65113476929355 12.910512820512821 13.169890871732091
accuracy_trained: 0.7156638359384387 0.73 0.7443361640615612
IFr_trained: 0.011639935013802434 0.0199075 0.028175064986197568
valid_IFr_trained: 0.012056605518907552 0.0208925 0.02972839448109245
accuracy_retrained: 0.6889356984449995 0.7100000000000001 0.7310643015550007
IFr_retrained: 0.0004215944335360048 0.0067150000000000005 0.013008405566463996
valid_IFr_retrained: 0.0011784775849230768 0.008020000000000001 0.014861522415076926
