validity: 0.2999999999999999 0.29999999999999993 0.3
average_pairwise_L0_distance: 13.630955384579194 13.743589743589743 13.856224102600292
average_pairwise_L1_distance: 7.12647192123516 7.260995502737586 7.3955190842400125
average_pairwise_binned_L0_distance: 12.522670057191498 12.780641025641026 13.038611994090555
accuracy_trained: 0.7156638359384387 0.73 0.7443361640615612
IFr_trained: 0.011639935013802434 0.0199075 0.028175064986197568
valid_IFr_trained: 0.012056605518907552 0.0208925 0.02972839448109245
accuracy_retrained: 0.5154434907738987 0.621 0.7265565092261013
IFr_retrained: -0.00019739562489593486 0.0028975 0.005992395624895935
valid_IFr_retrained: -0.0007958175138492898 0.0031825 0.007160817513849289
