validity: 0.8 0.8 0.8
average_pairwise_L0_distance: 13.030089017136193 13.158461538461541 13.286834059786889
average_pairwise_L1_distance: 6.669810065665515 6.819797497499986 6.969784929334458
average_pairwise_binned_L0_distance: 11.875155092604203 12.111923076923077 12.34869106124195
accuracy_trained: 0.7156638359384387 0.73 0.7443361640615612
IFr_trained: 0.011639935013802434 0.0199075 0.028175064986197568
valid_IFr_trained: 0.012056605518907552 0.0208925 0.02972839448109245
accuracy_retrained: 0.457201257695685 0.5775 0.697798742304315
IFr_retrained: -0.0012047592673233593 0.0049225 0.011049759267323359
valid_IFr_retrained: -0.0014891318201029563 0.0051325 0.011754131820102955
