validity: 0.7 0.7 0.7
average_pairwise_L0_distance: 12.922644541198723 13.388717948717948 13.854791356237174
average_pairwise_L1_distance: 6.558135908669993 6.982788081702107 7.407440254734221
average_pairwise_binned_L0_distance: 11.540067488400327 12.392948717948718 13.245829947497109
accuracy_trained: 0.684665068655616 0.73 0.7753349313443839
IFr_trained: -0.006236836059842862 0.0199075 0.046051836059842866
valid_IFr_trained: -0.007049051725163725 0.0208925 0.048834051725163724
accuracy_retrained: 0.10097071161893029 0.508 0.9150292883810698
IFr_retrained: -0.010103871641677146 0.0045650000000000005 0.01923387164167715
valid_IFr_retrained: -0.011895313275133263 0.0049275 0.021750313275133264
