validity: 0.65 0.6500000000000001 0.6500000000000002
average_pairwise_L0_distance: 13.166046093918888 13.357051282051282 13.548056470183676
average_pairwise_L1_distance: 6.754212986531957 6.97471434510688 7.195215703681802
average_pairwise_binned_L0_distance: 12.077915431140031 12.38051282051282 12.683110209885609
accuracy_trained: 0.7156638359384387 0.73 0.7443361640615612
IFr_trained: 0.011639935013802434 0.0199075 0.028175064986197568
valid_IFr_trained: 0.012056605518907552 0.0208925 0.02972839448109245
accuracy_retrained: 0.6002292995220515 0.6855 0.7707707004779485
IFr_retrained: 0.004022714827330021 0.020014999999999998 0.036007285172669976
valid_IFr_retrained: 0.004977175074678439 0.020407500000000002 0.03583782492532157
