validity: 1.0 1.0 1.0
average_pairwise_L0_distance: 12.151872348719126 12.72782051282051 13.303768676921896
average_pairwise_L1_distance: 5.889125396538564 6.413468173857316 6.937810951176068
average_pairwise_binned_L0_distance: 10.670066368316153 11.637692307692307 12.60531824706846
accuracy_trained: 0.684665068655616 0.73 0.7753349313443839
IFr_trained: -0.006236836059842862 0.0199075 0.046051836059842866
valid_IFr_trained: -0.007049051725163725 0.0208925 0.048834051725163724
accuracy_retrained: 0.6205786034029115 0.7055 0.7904213965970885
IFr_retrained: -0.008868613899204169 0.0060675 0.021003613899204167
valid_IFr_retrained: -0.007350973154432489 0.006662499999999999 0.020675973154432488
