validity: 0.25 0.25 0.25
average_pairwise_L0_distance: 13.669544256749553 13.79653846153846 13.923532666327368
average_pairwise_L1_distance: 7.123677639175394 7.282806192299401 7.441934745423408
average_pairwise_binned_L0_distance: 12.550267768080275 12.825641025641024 13.101014283201774
accuracy_trained: 0.7156638359384387 0.73 0.7443361640615612
IFr_trained: 0.011639935013802434 0.0199075 0.028175064986197568
valid_IFr_trained: 0.012056605518907552 0.0208925 0.02972839448109245
accuracy_retrained: 0.47193312974948665 0.5884999999999999 0.7050668702505132
IFr_retrained: -0.0003923170858490515 0.0048000000000000004 0.009992317085849052
valid_IFr_retrained: -0.0009064595184982531 0.0038874999999999995 0.008681459518498252
