validity: 0.55 0.55 0.55
average_pairwise_L0_distance: 13.202207757940597 13.540641025641026 13.879074293341455
average_pairwise_L1_distance: 6.68944853190865 7.104991828684135 7.520535125459619
average_pairwise_binned_L0_distance: 11.784559732596923 12.581538461538463 13.378517190480002
accuracy_trained: 0.684665068655616 0.73 0.7753349313443839
IFr_trained: -0.006236836059842862 0.0199075 0.046051836059842866
valid_IFr_trained: -0.007049051725163725 0.0208925 0.048834051725163724
accuracy_retrained: 0.3519613273112595 0.6485000000000001 0.9450386726887406
IFr_retrained: -0.01435633065733904 0.007657499999999999 0.02967133065733904
valid_IFr_retrained: -0.01602532577848982 0.0077575000000000005 0.03154032577848982
