validity: 0.4 0.4 0.4
average_pairwise_L0_distance: 13.296357849264007 13.73794871794872 14.179539586633434
average_pairwise_L1_distance: 6.833802633599792 7.293629216183517 7.7534557987672414
average_pairwise_binned_L0_distance: 12.025870623227474 12.786794871794871 13.547719120362268
accuracy_trained: 0.684665068655616 0.73 0.7753349313443839
IFr_trained: -0.006236836059842862 0.0199075 0.046051836059842866
valid_IFr_trained: -0.007049051725163725 0.0208925 0.048834051725163724
accuracy_retrained: 0.33414897546765915 0.6479999999999999 0.9618510245323406
IFr_retrained: -0.01336451872995418 0.0065049999999999995 0.02637451872995418
valid_IFr_retrained: -0.014611512994879419 0.007277499999999999 0.029166512994879417
