validity: 0.1 0.1 0.1
average_pairwise_L0_distance: 13.376567359951839 13.80371794871795 14.23086853748406
average_pairwise_L1_distance: 6.808308230911835 7.349473951513542 7.89063967211525
average_pairwise_binned_L0_distance: 11.924806290253768 12.822051282051282 13.719296273848796
accuracy_trained: 0.684665068655616 0.73 0.7753349313443839
IFr_trained: -0.006236836059842862 0.0199075 0.046051836059842866
valid_IFr_trained: -0.007049051725163725 0.0208925 0.048834051725163724
accuracy_retrained: 0.2877496765180755 0.6295 0.9712503234819244
IFr_retrained: -0.02445551037616895 0.01223 0.048915510376168946
valid_IFr_retrained: -0.02689343098828572 0.0101025 0.04709843098828572
