validity: 0.7 0.7 0.7
average_pairwise_L0_distance: 13.241332596258289 13.388717948717948 13.536103301177608
average_pairwise_L1_distance: 6.8485012736899655 6.982788081702107 7.117074889714248
average_pairwise_binned_L0_distance: 12.123243992050936 12.392948717948718 12.6626534438465
accuracy_trained: 0.7156638359384387 0.73 0.7443361640615612
IFr_trained: 0.011639935013802434 0.0199075 0.028175064986197568
valid_IFr_trained: 0.012056605518907552 0.0208925 0.02972839448109245
accuracy_retrained: 0.37928603743183104 0.508 0.636713962568169
IFr_retrained: -7.370450923530926e-05 0.0045650000000000005 0.00920370450923531
valid_IFr_retrained: -0.00039234066011379666 0.0049275 0.010247340660113796
