validity: 0.1 0.1 0.1
average_pairwise_L0_distance: 13.668641072279666 13.80371794871795 13.938794825156233
average_pairwise_L1_distance: 7.178342324642772 7.349473951513542 7.520605578384313
average_pairwise_binned_L0_distance: 12.538317502725357 12.822051282051282 13.105785061377206
accuracy_trained: 0.7156638359384387 0.73 0.7443361640615612
IFr_trained: 0.011639935013802434 0.0199075 0.028175064986197568
valid_IFr_trained: 0.012056605518907552 0.0208925 0.02972839448109245
accuracy_retrained: 0.5214290586697793 0.6295 0.7375709413302206
IFr_retrained: 0.0006290230085565663 0.01223 0.02383097699144343
valid_IFr_retrained: -0.001596640608138699 0.0101025 0.0218016406081387
