validity: 0.4 0.4 0.4
average_pairwise_L0_distance: 13.59830542405112 13.73794871794872 13.877592011846321
average_pairwise_L1_distance: 7.148219283217908 7.293629216183517 7.439039149149125
average_pairwise_binned_L0_distance: 12.546169496562362 12.786794871794871 13.027420247027381
accuracy_trained: 0.7156638359384387 0.73 0.7443361640615612
IFr_trained: 0.011639935013802434 0.0199075 0.028175064986197568
valid_IFr_trained: 0.012056605518907552 0.0208925 0.02972839448109245
accuracy_retrained: 0.5487515916500421 0.6479999999999999 0.7472484083499578
IFr_retrained: 0.00022170648019687045 0.0065049999999999995 0.012788293519803129
valid_IFr_retrained: 0.0003555863203157459 0.007277499999999999 0.014199413679684253
