validity: 0.85 0.85 0.85
average_pairwise_L0_distance: 12.901594717043883 13.062307692307693 13.223020667571502
average_pairwise_L1_distance: 6.557543398120065 6.71694882982779 6.876354261535515
average_pairwise_binned_L0_distance: 11.735210674277203 12.022307692307692 12.30940471033818
accuracy_trained: 0.7156638359384387 0.73 0.7443361640615612
IFr_trained: 0.011639935013802434 0.0199075 0.028175064986197568
valid_IFr_trained: 0.012056605518907552 0.0208925 0.02972839448109245
accuracy_retrained: 0.5231807722859481 0.6255 0.7278192277140518
IFr_retrained: 0.0016538869065745023 0.0072050000000000005 0.0127561130934255
valid_IFr_retrained: -0.00042417298416785616 0.0061425 0.012709172984167856
