validity: 0.0 0.0 0.0
average_pairwise_L0_distance: 13.63739095958646 13.813333333333333 13.989275707080205
average_pairwise_L1_distance: 7.225326793183616 7.3601708987342445 7.495015004284873
average_pairwise_binned_L0_distance: 12.435023728550973 12.75474358974359 13.074463450936207
accuracy_trained: 0.7156638359384387 0.73 0.7443361640615612
IFr_trained: 0.011639935013802434 0.0199075 0.028175064986197568
valid_IFr_trained: 0.012056605518907552 0.0208925 0.02972839448109245
accuracy_retrained: 0.48894929179505536 0.5980000000000001 0.7070507082049449
IFr_retrained: -0.0009302459294850511 0.0082275 0.017385245929485052
valid_IFr_retrained: -0.0001344402070195972 0.008457500000000001 0.017049440207019602
