validity: 1.0 1.0 1.0
average_pairwise_L0_distance: 12.545689711545231 12.72782051282051 12.90995131409579
average_pairwise_L1_distance: 6.247656428758742 6.413468173857316 6.57927991895589
average_pairwise_binned_L0_distance: 11.331702118543442 11.637692307692307 11.943682496841172
accuracy_trained: 0.7156638359384387 0.73 0.7443361640615612
IFr_trained: 0.011639935013802434 0.0199075 0.028175064986197568
valid_IFr_trained: 0.012056605518907552 0.0208925 0.02972839448109245
accuracy_retrained: 0.6786454964670728 0.7055 0.7323545035329272
IFr_retrained: 0.0013442860686816238 0.0060675 0.010790713931318377
valid_IFr_retrained: 0.0022310506902368825 0.006662499999999999 0.011093949309763117
