validity: 0.14999999999999994 0.14999999999999997 0.15
average_pairwise_L0_distance: 13.725519134162395 13.832820512820513 13.940121891478631
average_pairwise_L1_distance: 7.267685229688371 7.410068418886292 7.552451608084213
average_pairwise_binned_L0_distance: 12.619553290414649 12.855 13.090446709585352
accuracy_trained: 0.7156638359384387 0.73 0.7443361640615612
IFr_trained: 0.011639935013802434 0.0199075 0.028175064986197568
valid_IFr_trained: 0.012056605518907552 0.0208925 0.02972839448109245
accuracy_retrained: 0.5878103351558432 0.661 0.7341896648441568
IFr_retrained: -0.0003340856058200634 0.0034349999999999997 0.007204085605820063
valid_IFr_retrained: 0.0007633923182111409 0.003940000000000001 0.00711660768178886
