validity: 0.55 0.55 0.55
average_pairwise_L0_distance: 13.433619029450341 13.540641025641026 13.647663021831711
average_pairwise_L1_distance: 6.973585500261551 7.104991828684135 7.236398157106718
average_pairwise_binned_L0_distance: 12.32951165852234 12.581538461538463 12.833565264554585
accuracy_trained: 0.7156638359384387 0.73 0.7443361640615612
IFr_trained: 0.011639935013802434 0.0199075 0.028175064986197568
valid_IFr_trained: 0.012056605518907552 0.0208925 0.02972839448109245
accuracy_retrained: 0.5547262379980413 0.6485000000000001 0.7422737620019588
IFr_retrained: 0.0006961155097566967 0.007657499999999999 0.014618884490243303
valid_IFr_retrained: 0.00023671013450050037 0.0077575000000000005 0.0152782898654995
