validity: 0.5 0.5 0.5
average_pairwise_L0_distance: 13.214421264600116 13.550384615384615 13.886347966169115
average_pairwise_L1_distance: 6.706059591868605 7.1028183594937015 7.4995771271187985
average_pairwise_binned_L0_distance: 11.872634891337453 12.583461538461538 13.294288185585623
accuracy_trained: 0.684665068655616 0.73 0.7753349313443839
IFr_trained: -0.006236836059842862 0.0199075 0.046051836059842866
valid_IFr_trained: -0.007049051725163725 0.0208925 0.048834051725163724
accuracy_retrained: 0.1038671770836449 0.522 0.9401328229163551
IFr_retrained: -0.01913355868322575 0.011742500000000001 0.04261855868322575
valid_IFr_retrained: -0.023374934952368868 0.013777500000000002 0.050929934952368874
