validity: 0.5 0.5 0.5
average_pairwise_L0_distance: 13.444143675502502 13.550384615384615 13.656625555266729
average_pairwise_L1_distance: 6.977352220760023 7.1028183594937015 7.22828449822738
average_pairwise_binned_L0_distance: 12.35867841581625 12.583461538461538 12.808244661106826
accuracy_trained: 0.7156638359384387 0.73 0.7443361640615612
IFr_trained: 0.011639935013802434 0.0199075 0.028175064986197568
valid_IFr_trained: 0.012056605518907552 0.0208925 0.02972839448109245
accuracy_retrained: 0.38977479151084693 0.522 0.6542252084891531
IFr_retrained: 0.001978632939198732 0.011742500000000001 0.021506367060801272
valid_IFr_retrained: 0.0020288684929265083 0.013777500000000002 0.025526131507073495
