validity: 0.05 0.05 0.05
average_pairwise_L0_distance: 13.632260994994425 13.773717948717948 13.915174902441471
average_pairwise_L1_distance: 7.186579060463051 7.3571313667478835 7.527683673032716
average_pairwise_binned_L0_distance: 12.523785164917447 12.772179487179487 13.020573809441528
accuracy_trained: 0.7156638359384387 0.73 0.7443361640615612
IFr_trained: 0.011639935013802434 0.0199075 0.028175064986197568
valid_IFr_trained: 0.012056605518907552 0.0208925 0.02972839448109245
accuracy_retrained: 0.37215684168967544 0.502 0.6318431583103246
IFr_retrained: -0.002385547840541506 0.0076525 0.017690547840541505
valid_IFr_retrained: -0.0013759047085101462 0.00688 0.015135904708510145
