validity: 0.2999999999999998 0.29999999999999993 0.30000000000000004
average_pairwise_L0_distance: 13.387408626323298 13.743589743589743 14.099770860856188
average_pairwise_L1_distance: 6.835594586186623 7.260995502737586 7.686396419288549
average_pairwise_binned_L0_distance: 11.96486519514108 12.780641025641026 13.596416856140973
accuracy_trained: 0.684665068655616 0.73 0.7753349313443839
IFr_trained: -0.006236836059842862 0.0199075 0.046051836059842866
valid_IFr_trained: -0.007049051725163725 0.0208925 0.048834051725163724
accuracy_retrained: 0.2872010089889425 0.621 0.9547989910110575
IFr_retrained: -0.006889419295161272 0.0028975 0.012684419295161273
valid_IFr_retrained: -0.009398044599102217 0.0031825 0.015763044599102216
