validity: 0.9499999999999997 0.9499999999999998 0.95
average_pairwise_L0_distance: 12.674394263220215 12.855384615384617 13.036374967549019
average_pairwise_L1_distance: 6.371671335038772 6.534554505825999 6.697437676613226
average_pairwise_binned_L0_distance: 11.485642093216164 11.781538461538462 12.07743482986076
accuracy_trained: 0.7156638359384387 0.73 0.7443361640615612
IFr_trained: 0.011639935013802434 0.0199075 0.028175064986197568
valid_IFr_trained: 0.012056605518907552 0.0208925 0.02972839448109245
accuracy_retrained: 0.5307300622861244 0.633 0.7352699377138756
IFr_retrained: -0.0017183304540431578 0.004725 0.011168330454043158
valid_IFr_retrained: -0.0019511885573598627 0.006055 0.014061188557359862
