validity: 0.1499999999999999 0.14999999999999997 0.15000000000000002
average_pairwise_L0_distance: 13.493503760184677 13.832820512820513 14.17213726545635
average_pairwise_L1_distance: 6.959813240502178 7.410068418886292 7.860323597270406
average_pairwise_binned_L0_distance: 12.110452130118087 12.855 13.599547869881913
accuracy_trained: 0.684665068655616 0.73 0.7753349313443839
IFr_trained: -0.006236836059842862 0.0199075 0.046051836059842866
valid_IFr_trained: -0.007049051725163725 0.0208925 0.048834051725163724
accuracy_retrained: 0.429553957908112 0.661 0.892446042091888
IFr_retrained: -0.008483895210546988 0.0034349999999999997 0.015353895210546989
valid_IFr_retrained: -0.006105315507240175 0.003940000000000001 0.013985315507240177
