validity: 0.9 0.9 0.9
average_pairwise_L0_distance: 12.757079230480674 12.930128205128204 13.103177179775734
average_pairwise_L1_distance: 6.4468264834026945 6.59202040757131 6.737214331739925
average_pairwise_binned_L0_distance: 11.584459178656052 11.880128205128205 12.175797231600358
accuracy_trained: 0.7156638359384387 0.73 0.7443361640615612
IFr_trained: 0.011639935013802434 0.0199075 0.028175064986197568
valid_IFr_trained: 0.012056605518907552 0.0208925 0.02972839448109245
accuracy_retrained: 0.6794530284651059 0.7034999999999999 0.7275469715348939
IFr_retrained: -0.0004843253384221105 0.004575 0.00963432533842211
valid_IFr_retrained: -9.15738163317077e-05 0.0038625 0.007816573816331707
