validity: 0.45 0.45 0.45
average_pairwise_L0_distance: 13.251688267915712 13.627948717948717 14.004209167981722
average_pairwise_L1_distance: 6.830511369705572 7.204084927264789 7.577658484824006
average_pairwise_binned_L0_distance: 11.895480042572544 12.649102564102565 13.402725085632586
accuracy_trained: 0.684665068655616 0.73 0.7753349313443839
IFr_trained: -0.006236836059842862 0.0199075 0.046051836059842866
valid_IFr_trained: -0.007049051725163725 0.0208925 0.048834051725163724
accuracy_retrained: 0.09989889084661768 0.49750000000000016 0.8951011091533827
IFr_retrained: -0.0021867708450509617 0.000835 0.0038567708450509613
valid_IFr_retrained: -0.003374235416575551 0.0012225 0.005819235416575551
