validity: 0.35 0.35 0.35
average_pairwise_L0_distance: 13.53713055954026 13.665641025641026 13.794151491741792
average_pairwise_L1_distance: 7.086427159931493 7.235741954375437 7.385056748819381
average_pairwise_binned_L0_distance: 12.430394594449478 12.689230769230768 12.948066944012059
accuracy_trained: 0.7156638359384387 0.73 0.7443361640615612
IFr_trained: 0.011639935013802434 0.0199075 0.028175064986197568
valid_IFr_trained: 0.012056605518907552 0.0208925 0.02972839448109245
accuracy_retrained: 0.5036392220594503 0.611 0.7183607779405496
IFr_retrained: -0.0019301818342438064 0.004625 0.011180181834243807
valid_IFr_retrained: -0.0017570328133682906 0.004965 0.01168703281336829
