validity: 0.5999999999999996 0.5999999999999999 0.6000000000000001
average_pairwise_L0_distance: 13.10883450593741 13.48679487179487 13.864755237652332
average_pairwise_L1_distance: 6.660538868470476 7.069232962613053 7.47792705675563
average_pairwise_binned_L0_distance: 11.754239967951381 12.51974358974359 13.285247211535797
accuracy_trained: 0.684665068655616 0.73 0.7753349313443839
IFr_trained: -0.006236836059842862 0.0199075 0.046051836059842866
valid_IFr_trained: -0.007049051725163725 0.0208925 0.048834051725163724
accuracy_retrained: 0.3530981534830586 0.645 0.9369018465169414
IFr_retrained: -0.009125342741293258 0.007239999999999999 0.023605342741293257
valid_IFr_retrained: -0.006866546402833007 0.005954999999999999 0.018776546402833005
