validity: 0.35 0.35 0.35
average_pairwise_L0_distance: 13.259255249592751 13.665641025641026 14.0720268016893
average_pairwise_L1_distance: 6.763567115572719 7.235741954375437 7.707916793178156
average_pairwise_binned_L0_distance: 11.870718916076454 12.689230769230768 13.507742622385082
accuracy_trained: 0.684665068655616 0.73 0.7753349313443839
IFr_trained: -0.006236836059842862 0.0199075 0.046051836059842866
valid_IFr_trained: -0.007049051725163725 0.0208925 0.048834051725163724
accuracy_retrained: 0.27149541034030183 0.611 0.9505045896596982
IFr_retrained: -0.016104305072770768 0.004625 0.02535430507277077
valid_IFr_retrained: -0.016291934196633346 0.004965 0.026221934196633347
