validity: 0.9499999999999996 0.9499999999999998 0.9500000000000001
average_pairwise_L0_distance: 12.117115881076762 12.71371794871795 13.310320016359137
average_pairwise_L1_distance: 5.949426473413682 6.521947452748357 7.094468432083032
average_pairwise_binned_L0_distance: 11.324973633769133 11.974743589743591 12.624513545718049
accuracy_trained: 0.6631437978773558 0.7859999999999999 0.9088562021226441
IFr_trained: 0.049642397185227435 0.0914575 0.13327260281477254
valid_IFr_trained: 0.04102304009301323 0.07221 0.10339695990698676
accuracy_retrained: 0.7286489847440648 0.7745 0.8203510152559351
IFr_retrained: 0.03004066739671169 0.058562499999999997 0.0870843326032883
valid_IFr_retrained: 0.021778893234717975 0.0488975 0.07601610676528203
