validity: 0.25 0.25 0.25
average_pairwise_L0_distance: 13.19510238569384 13.65051282051282 14.105923255331799
average_pairwise_L1_distance: 7.072451986580079 7.4739624942679255 7.875473001955772
average_pairwise_binned_L0_distance: 12.60390297980373 13.093589743589742 13.583276507375755
accuracy_trained: 0.6631437978773558 0.7859999999999999 0.9088562021226441
IFr_trained: 0.049642397185227435 0.0914575 0.13327260281477254
valid_IFr_trained: 0.04102304009301323 0.07221 0.10339695990698676
accuracy_retrained: 0.7106793966653082 0.773 0.8353206033346918
IFr_retrained: 0.004159420594809206 0.0458 0.08744057940519079
valid_IFr_retrained: 0.009297282003688873 0.050980000000000004 0.09266271799631114
