validity: 0.45 0.45 0.45
average_pairwise_L0_distance: 13.036610962398267 13.569871794871796 14.103132627345325
average_pairwise_L1_distance: 6.905681935984865 7.378980157348939 7.852278378713012
average_pairwise_binned_L0_distance: 12.385983732453811 12.99025641025641 13.59452908805901
accuracy_trained: 0.6631437978773558 0.7859999999999999 0.9088562021226441
IFr_trained: 0.049642397185227435 0.0914575 0.13327260281477254
valid_IFr_trained: 0.04102304009301323 0.07221 0.10339695990698676
accuracy_retrained: 0.7342817079441664 0.7755 0.8167182920558336
IFr_retrained: 0.0069641281294148955 0.05101 0.0950558718705851
valid_IFr_retrained: 0.014237750855442668 0.0524475 0.09065724914455733
