validity: 0.35 0.35 0.35
average_pairwise_L0_distance: 13.122948934356664 13.625384615384615 14.127820296412565
average_pairwise_L1_distance: 7.155176211667756 7.462193654384829 7.769211097101902
average_pairwise_binned_L0_distance: 12.44025013089971 13.02217948717949 13.604108843459269
accuracy_trained: 0.6631437978773558 0.7859999999999999 0.9088562021226441
IFr_trained: 0.049642397185227435 0.0914575 0.13327260281477254
valid_IFr_trained: 0.04102304009301323 0.07221 0.10339695990698676
accuracy_retrained: 0.7124576425384681 0.7665000000000001 0.820542357461532
IFr_retrained: 0.015448156159550669 0.04421750000000001 0.07298684384044934
valid_IFr_retrained: 0.01777887440772609 0.049034999999999995 0.0802911255922739
