validity: 0.5999999999999996 0.5999999999999999 0.6000000000000001
average_pairwise_L0_distance: 12.638168677957843 13.374230769230769 14.110292860503694
average_pairwise_L1_distance: 6.620066836414558 7.207216671086579 7.7943665057586005
average_pairwise_binned_L0_distance: 12.014798420994133 12.78846153846154 13.562124655928947
accuracy_trained: 0.6631437978773558 0.7859999999999999 0.9088562021226441
IFr_trained: 0.049642397185227435 0.0914575 0.13327260281477254
valid_IFr_trained: 0.04102304009301323 0.07221 0.10339695990698676
accuracy_retrained: 0.7051062470040949 0.7569999999999999 0.8088937529959049
IFr_retrained: 0.013611918669857087 0.053515 0.09341808133014291
valid_IFr_retrained: 0.019281028873844197 0.051527500000000004 0.08377397112615581
