validity: 0.5 0.5 0.5
average_pairwise_L0_distance: 12.925000735331754 13.48705128205128 14.049101828770805
average_pairwise_L1_distance: 6.960384587582463 7.2928391607135925 7.625293733844722
average_pairwise_binned_L0_distance: 12.275297024287589 12.89974358974359 13.524190155199591
accuracy_trained: 0.6631437978773558 0.7859999999999999 0.9088562021226441
IFr_trained: 0.049642397185227435 0.0914575 0.13327260281477254
valid_IFr_trained: 0.04102304009301323 0.07221 0.10339695990698676
accuracy_retrained: 0.7036046399154184 0.7655 0.8273953600845815
IFr_retrained: 0.01566278911653563 0.05030250000000001 0.08494221088346438
valid_IFr_retrained: 0.01864329030909157 0.0513425 0.08404170969090843
