validity: 0.2999999999999998 0.29999999999999993 0.30000000000000004
average_pairwise_L0_distance: 13.194859497230462 13.594871794871796 13.99488409251313
average_pairwise_L1_distance: 7.091499710831302 7.4083795311023835 7.725259351373465
average_pairwise_binned_L0_distance: 12.493697549171165 12.97602564102564 13.458353732880115
accuracy_trained: 0.6631437978773558 0.7859999999999999 0.9088562021226441
IFr_trained: 0.049642397185227435 0.0914575 0.13327260281477254
valid_IFr_trained: 0.04102304009301323 0.07221 0.10339695990698676
accuracy_retrained: 0.7218010733873392 0.7695000000000001 0.8171989266126609
IFr_retrained: 0.0142396700238748 0.051285000000000004 0.08833032997612521
valid_IFr_retrained: 0.016632990650119424 0.052164999999999996 0.08769700934988056
