validity: 1.0 1.0 1.0
average_pairwise_L0_distance: 11.995587588764163 12.618846153846153 13.242104718928143
average_pairwise_L1_distance: 5.825382971990195 6.428542690843597 7.031702409696998
average_pairwise_binned_L0_distance: 11.196592889903433 11.88320512820513 12.569817366506827
accuracy_trained: 0.6631437978773558 0.7859999999999999 0.9088562021226441
IFr_trained: 0.049642397185227435 0.0914575 0.13327260281477254
valid_IFr_trained: 0.04102304009301323 0.07221 0.10339695990698676
accuracy_retrained: 0.7263496294838948 0.764 0.8016503705161052
IFr_retrained: 0.017761424141023135 0.061682499999999994 0.10560357585897685
valid_IFr_retrained: 0.021726701667867727 0.05184 0.08195329833213227
