validity: 0.7 0.7 0.7
average_pairwise_L0_distance: 12.709213722664929 13.57576923076923 14.442324738873532
average_pairwise_L1_distance: 6.949495290558786 7.409559197840869 7.869623105122952
average_pairwise_binned_L0_distance: 12.194034321121391 13.065641025641025 13.937247730160658
accuracy_trained: 0.6954186884895778 0.7645000000000001 0.8335813115104224
IFr_trained: -0.043927171814993705 0.059792500000000005 0.16351217181499372
valid_IFr_trained: -0.034444966540918255 0.05065000000000001 0.13574496654091828
accuracy_retrained: 0.6983392111772732 0.7635 0.8286607888227268
IFr_retrained: -0.01763147995184934 0.06368 0.14499147995184936
valid_IFr_retrained: -0.01277179698870904 0.056275 0.12532179698870904
