validity: 0.5 0.5 0.5
average_pairwise_L0_distance: 13.516711492511321 13.81730769230769 14.117903892104058
average_pairwise_L1_distance: 7.444412408970253 7.653148638942755 7.861884868915258
average_pairwise_binned_L0_distance: 13.042344076775052 13.354230769230767 13.666117461686483
accuracy_trained: 0.742654571187546 0.7645000000000001 0.7863454288124542
IFr_trained: 0.026993459889944955 0.059792500000000005 0.09259154011005505
valid_IFr_trained: 0.023740608831487858 0.05065000000000001 0.07755939116851215
accuracy_retrained: 0.7404334188820303 0.7615000000000001 0.7825665811179698
IFr_retrained: 0.039666892797114967 0.076635 0.11360310720288502
valid_IFr_retrained: 0.03798775242826039 0.06989999999999999 0.1018122475717396
