validity: 0.85 0.85 0.85
average_pairwise_L0_distance: 13.08925386914388 13.332820512820513 13.576387156497146
average_pairwise_L1_distance: 7.078040153490885 7.240156398654136 7.402272643817388
average_pairwise_binned_L0_distance: 12.559288924519779 12.793461538461537 13.027634152403296
accuracy_trained: 0.742654571187546 0.7645000000000001 0.7863454288124542
IFr_trained: 0.026993459889944955 0.059792500000000005 0.09259154011005505
valid_IFr_trained: 0.023740608831487858 0.05065000000000001 0.07755939116851215
accuracy_retrained: 0.7420962289799301 0.7665 0.7909037710200698
IFr_retrained: 0.04219529325856826 0.08574250000000001 0.12928970674143175
valid_IFr_retrained: 0.037155482713811215 0.074625 0.11209451728618877
