validity: 0.1499999999999999 0.14999999999999997 0.15000000000000002
average_pairwise_L0_distance: 13.304688657399828 14.040128205128203 14.77556775285658
average_pairwise_L1_distance: 7.240076163697177 7.781984100740885 8.323892037784594
average_pairwise_binned_L0_distance: 12.724893427740708 13.56025641025641 14.39561939277211
accuracy_trained: 0.6954186884895778 0.7645000000000001 0.8335813115104224
IFr_trained: -0.043927171814993705 0.059792500000000005 0.16351217181499372
valid_IFr_trained: -0.034444966540918255 0.05065000000000001 0.13574496654091828
accuracy_retrained: 0.6838596188757148 0.7610000000000001 0.8381403811242855
IFr_retrained: -0.034096142703249774 0.06487000000000001 0.1638361427032498
valid_IFr_retrained: -0.025172323179616818 0.056984999999999994 0.1391423231796168
