validity: 0.7 0.7 0.7
average_pairwise_L0_distance: 13.301740318311822 13.57576923076923 13.84979814322664
average_pairwise_L1_distance: 7.264074216216078 7.409559197840869 7.55504417946566
average_pairwise_binned_L0_distance: 12.790014784625482 13.065641025641025 13.341267266656567
accuracy_trained: 0.742654571187546 0.7645000000000001 0.7863454288124542
IFr_trained: 0.026993459889944955 0.059792500000000005 0.09259154011005505
valid_IFr_trained: 0.023740608831487858 0.05065000000000001 0.07755939116851215
accuracy_retrained: 0.7428943493186941 0.7635 0.7841056506813058
IFr_retrained: 0.037967052343303775 0.06368 0.08939294765669623
valid_IFr_retrained: 0.034440485637642404 0.056275 0.0781095143623576
