validity: 1.0 1.0 1.0
average_pairwise_L0_distance: 12.682542553354583 12.996666666666666 13.310790779978749
average_pairwise_L1_distance: 6.736109098808097 6.929264629915082 7.122420161022067
average_pairwise_binned_L0_distance: 12.086907902017948 12.390128205128207 12.693348508238465
accuracy_trained: 0.742654571187546 0.7645000000000001 0.7863454288124542
IFr_trained: 0.026993459889944955 0.059792500000000005 0.09259154011005505
valid_IFr_trained: 0.023740608831487858 0.05065000000000001 0.07755939116851215
accuracy_retrained: 0.7334441607312295 0.7595 0.7855558392687704
IFr_retrained: 0.04062912262151696 0.0930025 0.14537587737848304
valid_IFr_retrained: 0.03603671610243581 0.07657749999999999 0.11711828389756418
