validity: 0.2999999999999999 0.29999999999999993 0.3
average_pairwise_L0_distance: 13.738181552386996 13.985256410256408 14.23233126812582
average_pairwise_L1_distance: 7.651503126313844 7.818518889607125 7.985534652900406
average_pairwise_binned_L0_distance: 13.266084501662377 13.536666666666667 13.807248831670957
accuracy_trained: 0.742654571187546 0.7645000000000001 0.7863454288124542
IFr_trained: 0.026993459889944955 0.059792500000000005 0.09259154011005505
valid_IFr_trained: 0.023740608831487858 0.05065000000000001 0.07755939116851215
accuracy_retrained: 0.7447162069418569 0.7665 0.788283793058143
IFr_retrained: 0.02603097100947451 0.04919 0.07234902899052548
valid_IFr_retrained: 0.026710101206108134 0.047112499999999995 0.06751489879389186
