validity: 0.4 0.4 0.4
average_pairwise_L0_distance: 13.043178056711145 13.902692307692309 14.762206558673473
average_pairwise_L1_distance: 7.080121656034807 7.680114348698062 8.280107041361317
average_pairwise_binned_L0_distance: 12.481311634678871 13.419230769230769 14.357149903782666
accuracy_trained: 0.6954186884895778 0.7645000000000001 0.8335813115104224
IFr_trained: -0.043927171814993705 0.059792500000000005 0.16351217181499372
valid_IFr_trained: -0.034444966540918255 0.05065000000000001 0.13574496654091828
accuracy_retrained: 0.6923040199162641 0.7630000000000001 0.8336959800837361
IFr_retrained: -0.030856617522597024 0.0678 0.16645661752259702
valid_IFr_retrained: -0.023362284912395913 0.059860000000000003 0.1430822849123959
