validity: 0.75 0.75 0.75
average_pairwise_L0_distance: 13.223074544734585 13.48397435897436 13.744874173214134
average_pairwise_L1_distance: 7.193369187827684 7.3851591597191115 7.576949131610539
average_pairwise_binned_L0_distance: 12.699980807981792 12.971666666666664 13.243352525351536
accuracy_trained: 0.742654571187546 0.7645000000000001 0.7863454288124542
IFr_trained: 0.026993459889944955 0.059792500000000005 0.09259154011005505
valid_IFr_trained: 0.023740608831487858 0.05065000000000001 0.07755939116851215
accuracy_retrained: 0.7426521298615912 0.766 0.7893478701384088
IFr_retrained: 0.04331628894011292 0.0825775 0.12183871105988708
valid_IFr_retrained: 0.03910245676402887 0.07391 0.10871754323597113
