validity: 0.35 0.35 0.35
average_pairwise_L0_distance: 13.574688324462823 13.911923076923078 14.249157829383332
average_pairwise_L1_distance: 7.56573814753985 7.830378228608997 8.095018309678144
average_pairwise_binned_L0_distance: 13.086795349444678 13.451538461538458 13.816281573632239
accuracy_trained: 0.742654571187546 0.7645000000000001 0.7863454288124542
IFr_trained: 0.026993459889944955 0.059792500000000005 0.09259154011005505
valid_IFr_trained: 0.023740608831487858 0.05065000000000001 0.07755939116851215
accuracy_retrained: 0.7383056502685931 0.7605 0.7826943497314068
IFr_retrained: 0.04314473685196428 0.059562500000000004 0.07598026314803573
valid_IFr_retrained: 0.04065829671715732 0.057479999999999996 0.07430170328284266
