validity: 0.4 0.4 0.4
average_pairwise_L0_distance: 13.6308900362449 13.902692307692309 14.174494579139719
average_pairwise_L1_distance: 7.490379999870734 7.680114348698062 7.8698486975253905
average_pairwise_binned_L0_distance: 13.122634696606976 13.419230769230769 13.715826841854561
accuracy_trained: 0.742654571187546 0.7645000000000001 0.7863454288124542
IFr_trained: 0.026993459889944955 0.059792500000000005 0.09259154011005505
valid_IFr_trained: 0.023740608831487858 0.05065000000000001 0.07755939116851215
accuracy_retrained: 0.7406439681517494 0.7630000000000001 0.7853560318482509
IFr_retrained: 0.03660203823805151 0.0678 0.09899796176194849
valid_IFr_retrained: 0.03354280275933624 0.059860000000000003 0.08617719724066376
