validity: 0.05 0.05 0.05
average_pairwise_L0_distance: 13.694313031987734 13.932948717948719 14.171584403909703
average_pairwise_L1_distance: 7.589259343348429 7.747242961287081 7.905226579225733
average_pairwise_binned_L0_distance: 13.191945879020874 13.460641025641028 13.729336172261181
accuracy_trained: 0.742654571187546 0.7645000000000001 0.7863454288124542
IFr_trained: 0.026993459889944955 0.059792500000000005 0.09259154011005505
valid_IFr_trained: 0.023740608831487858 0.05065000000000001 0.07755939116851215
accuracy_retrained: 0.737175065467714 0.7615000000000001 0.7858249345322861
IFr_retrained: 0.01626995567823399 0.0444225 0.07257504432176601
valid_IFr_retrained: 0.015567901529469023 0.04271 0.06985209847053098
