validity: 0.9 0.9 0.9
average_pairwise_L0_distance: 12.952655430720485 13.233076923076922 13.513498415433359
average_pairwise_L1_distance: 7.00559874646674 7.160001363267199 7.314403980067658
average_pairwise_binned_L0_distance: 12.401799522357198 12.672692307692309 12.94358509302742
accuracy_trained: 0.742654571187546 0.7645000000000001 0.7863454288124542
IFr_trained: 0.026993459889944955 0.059792500000000005 0.09259154011005505
valid_IFr_trained: 0.023740608831487858 0.05065000000000001 0.07755939116851215
accuracy_retrained: 0.7371655199405798 0.7635 0.7898344800594201
IFr_retrained: 0.05378362699768839 0.09031000000000002 0.12683637300231165
valid_IFr_retrained: 0.0463427704808614 0.076735 0.1071272295191386
