validity: 0.45 0.45 0.45
average_pairwise_L0_distance: 13.470377573934678 13.748205128205129 14.026032682475579
average_pairwise_L1_distance: 7.414354680352619 7.594972023326095 7.775589366299571
average_pairwise_binned_L0_distance: 12.976741314425912 13.260769230769231 13.54479714711255
accuracy_trained: 0.742654571187546 0.7645000000000001 0.7863454288124542
IFr_trained: 0.026993459889944955 0.059792500000000005 0.09259154011005505
valid_IFr_trained: 0.023740608831487858 0.05065000000000001 0.07755939116851215
accuracy_retrained: 0.7374387057108862 0.76 0.7825612942891138
IFr_retrained: 0.03852096803874709 0.06873 0.09893903196125291
valid_IFr_retrained: 0.03567061274898381 0.06127499999999999 0.08687938725101617
