validity: 0.14999999999999994 0.14999999999999997 0.15
average_pairwise_L0_distance: 13.807561799909625 14.040128205128203 14.272694610346782
average_pairwise_L1_distance: 7.61061776442276 7.781984100740885 7.953350437059011
average_pairwise_binned_L0_distance: 13.296091440482307 13.56025641025641 13.824421380030511
accuracy_trained: 0.742654571187546 0.7645000000000001 0.7863454288124542
IFr_trained: 0.026993459889944955 0.059792500000000005 0.09259154011005505
valid_IFr_trained: 0.023740608831487858 0.05065000000000001 0.07755939116851215
accuracy_retrained: 0.73660606960738 0.7610000000000001 0.7853939303926203
IFr_retrained: 0.03357415778164775 0.06487000000000001 0.09616584221835228
valid_IFr_retrained: 0.031004573228986396 0.056984999999999994 0.0829654267710136
