validity: 0.05 0.05 0.05
average_pairwise_L0_distance: 13.17831641931534 13.932948717948719 14.687581016582097
average_pairwise_L1_distance: 7.2476548956071065 7.747242961287081 8.246831026967056
average_pairwise_binned_L0_distance: 12.610952366088451 13.460641025641028 14.310329685193604
accuracy_trained: 0.6954186884895778 0.7645000000000001 0.8335813115104224
IFr_trained: -0.043927171814993705 0.059792500000000005 0.16351217181499372
valid_IFr_trained: -0.034444966540918255 0.05065000000000001 0.13574496654091828
accuracy_retrained: 0.6845778029434937 0.7615000000000001 0.8384221970565064
IFr_retrained: -0.04460366198562082 0.0444225 0.1334486619856208
valid_IFr_retrained: -0.04312085164345045 0.04271 0.12854085164345044
