validity: 0.55 0.55 0.55
average_pairwise_L0_distance: 13.534089113656103 13.777692307692309 14.021295501728515
average_pairwise_L1_distance: 7.529227949975179 7.669583818142643 7.8099396863101065
average_pairwise_binned_L0_distance: 13.037568805508272 13.301923076923078 13.566277348337884
accuracy_trained: 0.742654571187546 0.7645000000000001 0.7863454288124542
IFr_trained: 0.026993459889944955 0.059792500000000005 0.09259154011005505
valid_IFr_trained: 0.023740608831487858 0.05065000000000001 0.07755939116851215
accuracy_retrained: 0.7420169627768651 0.7649999999999999 0.7879830372231347
IFr_retrained: 0.02965732479499915 0.07478 0.11990267520500085
valid_IFr_retrained: 0.03145403242672234 0.0661675 0.10088096757327766
