validity: 0.8 0.8 0.8
average_pairwise_L0_distance: 13.11629842584837 13.398205128205129 13.680111830561888
average_pairwise_L1_distance: 7.115029611845414 7.281814511406135 7.448599410966856
average_pairwise_binned_L0_distance: 12.572144239586015 12.847179487179488 13.122214734772962
accuracy_trained: 0.742654571187546 0.7645000000000001 0.7863454288124542
IFr_trained: 0.026993459889944955 0.059792500000000005 0.09259154011005505
valid_IFr_trained: 0.023740608831487858 0.05065000000000001 0.07755939116851215
accuracy_retrained: 0.7330270285529724 0.757 0.7809729714470276
IFr_retrained: 0.04403825166936802 0.0748875 0.10573674833063197
valid_IFr_retrained: 0.03934134953326658 0.0650075 0.09067365046673341
