validity: 0.9499999999999996 0.9499999999999998 0.9500000000000001
average_pairwise_L0_distance: 12.032299632232814 13.085897435897436 14.13949523956206
average_pairwise_L1_distance: 6.384327142023981 7.026439425079697 7.668551708135412
average_pairwise_binned_L0_distance: 11.45262062344603 12.507051282051282 13.561481940656535
accuracy_trained: 0.6954186884895778 0.7645000000000001 0.8335813115104224
IFr_trained: -0.043927171814993705 0.059792500000000005 0.16351217181499372
valid_IFr_trained: -0.034444966540918255 0.05065000000000001 0.13574496654091828
accuracy_retrained: 0.6969623045657777 0.765 0.8330376954342223
IFr_retrained: -0.04398271925643403 0.0828375 0.209657719256434
valid_IFr_retrained: -0.039878457938862494 0.073945 0.1877684579388625
