validity: 0.8 0.8 0.8
average_pairwise_L0_distance: 12.506737861090615 13.398205128205129 14.289672395319643
average_pairwise_L1_distance: 6.75439434947184 7.281814511406135 7.80923467334043
average_pairwise_binned_L0_distance: 11.977441667955768 12.847179487179488 13.716917306403209
accuracy_trained: 0.6954186884895778 0.7645000000000001 0.8335813115104224
IFr_trained: -0.043927171814993705 0.059792500000000005 0.16351217181499372
valid_IFr_trained: -0.034444966540918255 0.05065000000000001 0.13574496654091828
accuracy_retrained: 0.6811908079452103 0.757 0.8328091920547898
IFr_retrained: -0.022666388828944187 0.0748875 0.17244138882894416
valid_IFr_retrained: -0.016155994243471306 0.0650075 0.1461709942434713
