validity: 0.1 0.1 0.1
average_pairwise_L0_distance: 13.75040901778192 13.971666666666668 14.192924315551416
average_pairwise_L1_distance: 7.577304244413091 7.705423659799226 7.83354307518536
average_pairwise_binned_L0_distance: 13.264158759262969 13.504615384615382 13.745072009967796
accuracy_trained: 0.742654571187546 0.7645000000000001 0.7863454288124542
IFr_trained: 0.026993459889944955 0.059792500000000005 0.09259154011005505
valid_IFr_trained: 0.023740608831487858 0.05065000000000001 0.07755939116851215
accuracy_retrained: 0.7373961773144452 0.7599999999999999 0.7826038226855546
IFr_retrained: 0.025831547532812124 0.04867 0.07150845246718787
valid_IFr_retrained: 0.02431783198738313 0.04665999999999999 0.06900216801261685
