validity: 0.2 0.2 0.2
average_pairwise_L0_distance: 13.776084924288071 14.009871794871794 14.243658665455516
average_pairwise_L1_distance: 7.692620179274337 7.851112417748166 8.009604656221995
average_pairwise_binned_L0_distance: 13.326141167967284 13.57371794871795 13.821294729468617
accuracy_trained: 0.742654571187546 0.7645000000000001 0.7863454288124542
IFr_trained: 0.026993459889944955 0.059792500000000005 0.09259154011005505
valid_IFr_trained: 0.023740608831487858 0.05065000000000001 0.07755939116851215
accuracy_retrained: 0.7345359546547439 0.7595 0.784464045345256
IFr_retrained: 0.04452749129097187 0.0646825 0.08483750870902815
valid_IFr_retrained: 0.04224073121448357 0.062354999999999994 0.08246926878551641
