validity: 0.9499999999999997 0.9499999999999998 0.95
average_pairwise_L0_distance: 12.752720556164325 13.085897435897436 13.419074315630548
average_pairwise_L1_distance: 6.823385692277016 7.026439425079697 7.229493157882377
average_pairwise_binned_L0_distance: 12.173611030460881 12.507051282051282 12.840491533641684
accuracy_trained: 0.742654571187546 0.7645000000000001 0.7863454288124542
IFr_trained: 0.026993459889944955 0.059792500000000005 0.09259154011005505
valid_IFr_trained: 0.023740608831487858 0.05065000000000001 0.07755939116851215
accuracy_retrained: 0.7434845915679018 0.765 0.7865154084320982
IFr_retrained: 0.0427334253787723 0.0828375 0.12294157462122769
valid_IFr_retrained: 0.037950862175682 0.073945 0.109939137824318
