validity: 0.25 0.25 0.25
average_pairwise_L0_distance: 13.787012227596144 14.014358974358974 14.241705721121804
average_pairwise_L1_distance: 7.684389111275016 7.8059794888369565 7.927569866398897
average_pairwise_binned_L0_distance: 13.306294809010666 13.551282051282053 13.79626929355344
accuracy_trained: 0.742654571187546 0.7645000000000001 0.7863454288124542
IFr_trained: 0.026993459889944955 0.059792500000000005 0.09259154011005505
valid_IFr_trained: 0.023740608831487858 0.05065000000000001 0.07755939116851215
accuracy_retrained: 0.7452970935954525 0.7665 0.7877029064045474
IFr_retrained: 0.02758065032712944 0.06178499999999999 0.09598934967287054
valid_IFr_retrained: 0.030624491859881687 0.060602500000000004 0.09058050814011832
