validity: 0.0 0.0 0.0
average_pairwise_L0_distance: 13.833447836285261 14.044999999999998 14.256552163714735
average_pairwise_L1_distance: 7.648678278055632 7.775609702263549 7.902541126471466
average_pairwise_binned_L0_distance: 13.360319973253517 13.592435897435896 13.824551821618275
accuracy_trained: 0.742654571187546 0.7645000000000001 0.7863454288124542
IFr_trained: 0.026993459889944955 0.059792500000000005 0.09259154011005505
valid_IFr_trained: 0.023740608831487858 0.05065000000000001 0.07755939116851215
accuracy_retrained: 0.7312873696405833 0.757 0.7827126303594167
IFr_retrained: 0.043051330031581965 0.0666075 0.09016366996841804
valid_IFr_retrained: 0.04095322036169818 0.06165750000000001 0.08236177963830185
