validity: 0.85 0.85 0.85
average_pairwise_L0_distance: 12.562595156759704 13.332820512820513 14.103045868881322
average_pairwise_L1_distance: 6.727499818224006 7.240156398654136 7.752812979084267
average_pairwise_binned_L0_distance: 12.052942712770282 12.793461538461537 13.533980364152793
accuracy_trained: 0.6954186884895778 0.7645000000000001 0.8335813115104224
IFr_trained: -0.043927171814993705 0.059792500000000005 0.16351217181499372
valid_IFr_trained: -0.034444966540918255 0.05065000000000001 0.13574496654091828
accuracy_retrained: 0.6893285000793686 0.7665 0.8436714999206313
IFr_retrained: -0.05196585904116348 0.08574250000000001 0.22345085904116352
valid_IFr_retrained: -0.04386401745140772 0.074625 0.19311401745140772
