validity: 0.5999999999999998 0.5999999999999999 0.6
average_pairwise_L0_distance: 13.380353175599593 13.674358974358976 13.968364773118358
average_pairwise_L1_distance: 7.282731442990706 7.483040606577939 7.683349770165171
average_pairwise_binned_L0_distance: 12.882556720471776 13.187820512820512 13.493084305169248
accuracy_trained: 0.742654571187546 0.7645000000000001 0.7863454288124542
IFr_trained: 0.026993459889944955 0.059792500000000005 0.09259154011005505
valid_IFr_trained: 0.023740608831487858 0.05065000000000001 0.07755939116851215
accuracy_retrained: 0.736939315156128 0.7615 0.7860606848438719
IFr_retrained: 0.05843738109981639 0.08665500000000001 0.11487261890018363
valid_IFr_retrained: 0.05319948500002504 0.0776725 0.10214551499997497
