validity: 0.65 0.6500000000000001 0.6500000000000002
average_pairwise_L0_distance: 13.396131994869593 13.658205128205129 13.920278261540664
average_pairwise_L1_distance: 7.3163240446188285 7.507995805225439 7.69966756583205
average_pairwise_binned_L0_distance: 12.845186462232576 13.132179487179489 13.419172512126401
accuracy_trained: 0.742654571187546 0.7645000000000001 0.7863454288124542
IFr_trained: 0.026993459889944955 0.059792500000000005 0.09259154011005505
valid_IFr_trained: 0.023740608831487858 0.05065000000000001 0.07755939116851215
accuracy_retrained: 0.7403443334415485 0.7655000000000001 0.7906556665584517
IFr_retrained: 0.03364864204490346 0.06709999999999999 0.10055135795509652
valid_IFr_retrained: 0.03220183399189237 0.0596725 0.08714316600810763
