validity: 0.14999999999999994 0.14999999999999997 0.15
average_pairwise_L0_distance: 11.453528307036889 11.540603099548953 11.627677892061017
average_pairwise_L1_distance: 5.908699456259195 6.0196490615197185 6.130598666780242
average_pairwise_binned_L0_distance: 10.473274291987009 10.566082552610055 10.658890813233102
accuracy_trained: 0.9018140430882953 0.904058387703196 0.9063027323180968
IFr_trained: 0.2609517709823693 0.27251000000000003 0.28406822901763074
valid_IFr_trained: 0.19925058159841522 0.2045325 0.2098144184015848
accuracy_retrained: 0.9022353538655763 0.904246378414243 0.9062574029629098
IFr_retrained: 0.04018725603632871 0.06659250000000001 0.09299774396367132
valid_IFr_retrained: 0.0479375786915062 0.0662925 0.08464742130849381
