validity: 0.65 0.6500000000000001 0.6500000000000002
average_pairwise_L0_distance: 11.310257406693395 11.412991880151427 11.515726353609459
average_pairwise_L1_distance: 5.700039789609039 5.822571695583409 5.945103601557778
average_pairwise_binned_L0_distance: 10.191851467122097 10.29964683800951 10.407442208896923
accuracy_trained: 0.9018140430882953 0.904058387703196 0.9063027323180968
IFr_trained: 0.2609517709823693 0.27251000000000003 0.28406822901763074
valid_IFr_trained: 0.19925058159841522 0.2045325 0.2098144184015848
accuracy_retrained: 0.9015047488127979 0.9034833572929337 0.9054619657730696
IFr_retrained: 0.0389154916158667 0.061247499999999996 0.08357950838413329
valid_IFr_retrained: 0.036766711778605944 0.0492875 0.06180828822139405
