validity: 0.1 0.1 0.1
average_pairwise_L0_distance: 11.45262631934332 11.53438881978148 11.61615132021964
average_pairwise_L1_distance: 5.9169468980246345 6.019837345067137 6.12272779210964
average_pairwise_binned_L0_distance: 10.475688101114844 10.56525434519641 10.654820589277975
accuracy_trained: 0.9018140430882953 0.904058387703196 0.9063027323180968
IFr_trained: 0.2609517709823693 0.27251000000000003 0.28406822901763074
valid_IFr_trained: 0.19925058159841522 0.2045325 0.2098144184015848
accuracy_retrained: 0.9024346426219374 0.9040583877031958 0.9056821327844542
IFr_retrained: 0.04029355306892388 0.0615475 0.0828014469310761
valid_IFr_retrained: 0.044228558078699784 0.06048249999999998 0.07673644192130018
