validity: 0.0 0.0 0.0
average_pairwise_L0_distance: 11.42193436939304 11.511984245143028 11.602034120893014
average_pairwise_L1_distance: 5.887301745025843 5.994585034312253 6.101868323598664
average_pairwise_binned_L0_distance: 10.45129292670103 10.54789596505233 10.64449900340363
accuracy_trained: 0.9018140430882953 0.904058387703196 0.9063027323180968
IFr_trained: 0.2609517709823693 0.27251000000000003 0.28406822901763074
valid_IFr_trained: 0.19925058159841522 0.2045325 0.2098144184015848
accuracy_retrained: 0.9013632116614214 0.9029083268826718 0.9044534421039221
IFr_retrained: 0.044020291676160624 0.0643 0.08457970832383938
valid_IFr_retrained: 0.055105641276106634 0.071025 0.08694435872389338
