validity: 0.85 0.85 0.85
average_pairwise_L0_distance: 11.16743456293248 11.284418632554814 11.40140270217715
average_pairwise_L1_distance: 5.527850435352205 5.663734129587288 5.799617823822372
average_pairwise_binned_L0_distance: 9.945598768745315 10.069122476015103 10.192646183284891
accuracy_trained: 0.9018140430882953 0.904058387703196 0.9063027323180968
IFr_trained: 0.2609517709823693 0.27251000000000003 0.28406822901763074
valid_IFr_trained: 0.19925058159841522 0.2045325 0.2098144184015848
accuracy_retrained: 0.9022969786471466 0.904058387703196 0.9058197967592454
IFr_retrained: 0.040210225774502825 0.070155 0.10009977422549717
valid_IFr_retrained: 0.03691425322739891 0.0487525 0.06059074677260108
