validity: 0.2 0.2 0.2
average_pairwise_L0_distance: 11.256087269894664 11.541558210205151 11.827029150515639
average_pairwise_L1_distance: 5.675267184639069 6.0164623989925525 6.357657613346036
average_pairwise_binned_L0_distance: 10.266916085518107 10.561703074572337 10.856490063626568
accuracy_trained: 0.8969611468657761 0.904058387703196 0.9111556285406159
IFr_trained: 0.23595967058643658 0.27251000000000003 0.3090603294135635
valid_IFr_trained: 0.18782960743583615 0.2045325 0.22123539256416386
accuracy_retrained: 0.8978790734367565 0.90390357182351 0.9099280702102635
IFr_retrained: -0.019606062267492133 0.0661575 0.15192106226749214
valid_IFr_retrained: 0.00558977487203504 0.059860000000000003 0.11413022512796497
