validity: 0.9 0.9 0.9
average_pairwise_L0_distance: 10.86030521873561 11.240062612945723 11.619820007155836
average_pairwise_L1_distance: 5.159050487600822 5.614952109824566 6.0708537320483105
average_pairwise_binned_L0_distance: 9.587764021778053 9.994991821382921 10.40221962098779
accuracy_trained: 0.8969611468657761 0.904058387703196 0.9111556285406159
IFr_trained: 0.23595967058643658 0.27251000000000003 0.3090603294135635
valid_IFr_trained: 0.18782960743583615 0.2045325 0.22123539256416386
accuracy_retrained: 0.8967209291702082 0.9039035718235098 0.9110862144768114
IFr_retrained: -0.011271216367484363 0.0698225 0.15091621636748437
valid_IFr_retrained: 0.01129092380532222 0.048907500000000007 0.0865240761946778
