validity: 0.35 0.35 0.35
average_pairwise_L0_distance: 11.222212168075536 11.525413889446645 11.828615610817753
average_pairwise_L1_distance: 5.612721455851582 5.9869529964108406 6.361184536970099
average_pairwise_binned_L0_distance: 10.19398146615268 10.516101346288526 10.838221226424372
accuracy_trained: 0.8969611468657761 0.904058387703196 0.9111556285406159
IFr_trained: 0.23595967058643658 0.27251000000000003 0.3090603294135635
valid_IFr_trained: 0.18782960743583615 0.2045325 0.22123539256416386
accuracy_retrained: 0.8981221268618788 0.9043569611854473 0.9105917955090158
IFr_retrained: -0.026174717271203157 0.06685500000000001 0.15988471727120318
valid_IFr_retrained: 0.006317319017700995 0.0563925 0.106467680982299
