validity: 0.55 0.55 0.55
average_pairwise_L0_distance: 11.365666267686105 11.463995107521878 11.562323947357651
average_pairwise_L1_distance: 5.783832977873467 5.896338950644408 6.0088449234153485
average_pairwise_binned_L0_distance: 10.292231777540781 10.393868608312804 10.495505439084827
accuracy_trained: 0.9018140430882953 0.904058387703196 0.9063027323180968
IFr_trained: 0.2609517709823693 0.27251000000000003 0.28406822901763074
valid_IFr_trained: 0.19925058159841522 0.2045325 0.2098144184015848
accuracy_retrained: 0.9021025310799988 0.9038040473294261 0.9055055635788534
IFr_retrained: 0.03840816408075545 0.060647499999999986 0.08288683591924452
valid_IFr_retrained: 0.03745587672872736 0.0507725 0.06408912327127264
