validity: 0.2999999999999999 0.29999999999999993 0.3
average_pairwise_L0_distance: 11.438683911407077 11.535463854920149 11.63224379843322
average_pairwise_L1_distance: 5.886823711657033 5.996852704105309 6.106881696553584
average_pairwise_binned_L0_distance: 10.435813424403847 10.539033490702334 10.64225355700082
accuracy_trained: 0.9018140430882953 0.904058387703196 0.9063027323180968
IFr_trained: 0.2609517709823693 0.27251000000000003 0.28406822901763074
valid_IFr_trained: 0.19925058159841522 0.2045325 0.2098144184015848
accuracy_retrained: 0.9026948051025053 0.9044343691252903 0.9061739331480753
IFr_retrained: 0.03540630878908492 0.0580375 0.08066869121091508
valid_IFr_retrained: 0.040612390184734615 0.055055 0.06949760981526538
