validity: 0.2 0.2 0.2
average_pairwise_L0_distance: 11.45128437248804 11.541558210205151 11.631832047922263
average_pairwise_L1_distance: 5.9085669985819145 6.0164623989925525 6.124357799403191
average_pairwise_binned_L0_distance: 10.468483243572887 10.561703074572337 10.654922905571787
accuracy_trained: 0.9018140430882953 0.904058387703196 0.9063027323180968
IFr_trained: 0.2609517709823693 0.27251000000000003 0.28406822901763074
valid_IFr_trained: 0.19925058159841522 0.2045325 0.2098144184015848
accuracy_retrained: 0.901998458157295 0.90390357182351 0.905808685489725
IFr_retrained: 0.03903668029850499 0.0661575 0.093278319701495
valid_IFr_retrained: 0.04269824794655278 0.059860000000000003 0.07702175205344722
