validity: 0.8 0.8 0.8
average_pairwise_L0_distance: 11.20983379758481 11.322352111503445 11.43487042542208
average_pairwise_L1_distance: 5.584402795443894 5.715420124573887 5.846437453703881
average_pairwise_binned_L0_distance: 10.016236701300926 10.136195155516159 10.256153609731392
accuracy_trained: 0.9018140430882953 0.904058387703196 0.9063027323180968
IFr_trained: 0.2609517709823693 0.27251000000000003 0.28406822901763074
valid_IFr_trained: 0.19925058159841522 0.2045325 0.2098144184015848
accuracy_retrained: 0.9030175135537701 0.9046665929448192 0.9063156723358683
IFr_retrained: 0.03590860813767495 0.0640425 0.09217639186232505
valid_IFr_retrained: 0.03645220953873462 0.048674999999999996 0.06089779046126537
