validity: 0.55 0.55 0.55
average_pairwise_L0_distance: 11.153052013958941 11.463995107521878 11.774938201084815
average_pairwise_L1_distance: 5.540563826315349 5.896338950644408 6.252114074973466
average_pairwise_binned_L0_distance: 10.072464728912122 10.393868608312804 10.715272487713486
accuracy_trained: 0.8969611468657761 0.904058387703196 0.9111556285406159
IFr_trained: 0.23595967058643658 0.27251000000000003 0.3090603294135635
valid_IFr_trained: 0.18782960743583615 0.2045325 0.22123539256416386
accuracy_retrained: 0.8984233805054488 0.9038040473294261 0.9091847141534034
IFr_retrained: -0.009679455154407206 0.060647499999999986 0.13097445515440717
valid_IFr_retrained: 0.008661639720376167 0.0507725 0.09288336027962382
