validity: 0.8 0.8 0.8
average_pairwise_L0_distance: 10.966537961038732 11.322352111503445 11.678166261968158
average_pairwise_L1_distance: 5.301106951571181 5.715420124573887 6.1297332975765935
average_pairwise_binned_L0_distance: 9.756853215602998 10.136195155516159 10.51553709542932
accuracy_trained: 0.8969611468657761 0.904058387703196 0.9111556285406159
IFr_trained: 0.23595967058643658 0.27251000000000003 0.3090603294135635
valid_IFr_trained: 0.18782960743583615 0.2045325 0.22123539256416386
accuracy_retrained: 0.8994517460266606 0.9046665929448192 0.9098814398629779
IFr_retrained: -0.024924677729823486 0.0640425 0.1530096777298235
valid_IFr_retrained: 0.010023142779421325 0.048674999999999996 0.08732685722057867
