validity: 0.75 0.75 0.75
average_pairwise_L0_distance: 11.24712358961885 11.356616844033283 11.466110098447716
average_pairwise_L1_distance: 5.624095742592777 5.754608600205005 5.885121457817233
average_pairwise_binned_L0_distance: 10.07703936643539 10.193490959444834 10.309942552454277
accuracy_trained: 0.9018140430882953 0.904058387703196 0.9063027323180968
IFr_trained: 0.2609517709823693 0.27251000000000003 0.28406822901763074
valid_IFr_trained: 0.19925058159841522 0.2045325 0.2098144184015848
accuracy_retrained: 0.9017207800623539 0.904014154594714 0.9063075291270741
IFr_retrained: 0.04365183112708149 0.07044 0.09722816887291852
valid_IFr_retrained: 0.03795797219690952 0.0515525 0.06514702780309048
