validity: 0.4 0.4 0.4
average_pairwise_L0_distance: 11.221494101803769 11.512529629121754 11.80356515643974
average_pairwise_L1_distance: 5.601633602114241 5.962552515305715 6.323471428497189
average_pairwise_binned_L0_distance: 10.187880854124275 10.494439152558144 10.800997450992012
accuracy_trained: 0.8969611468657761 0.904058387703196 0.9111556285406159
IFr_trained: 0.23595967058643658 0.27251000000000003 0.3090603294135635
valid_IFr_trained: 0.18782960743583615 0.2045325 0.22123539256416386
accuracy_retrained: 0.8975369926409043 0.9050646909211546 0.912592389201405
IFr_retrained: -0.01473672675761599 0.0677925 0.15032172675761601
valid_IFr_retrained: 0.006193821486467924 0.0541775 0.10216117851353208
