validity: 0.35 0.35 0.35
average_pairwise_L0_distance: 11.429533086445 11.525413889446645 11.62129469244829
average_pairwise_L1_distance: 5.868610592366746 5.9869529964108406 6.105295400454935
average_pairwise_binned_L0_distance: 10.414238096203555 10.516101346288526 10.617964596373497
accuracy_trained: 0.9018140430882953 0.904058387703196 0.9063027323180968
IFr_trained: 0.2609517709823693 0.27251000000000003 0.28406822901763074
valid_IFr_trained: 0.19925058159841522 0.2045325 0.2098144184015848
accuracy_retrained: 0.9023853334558202 0.9043569611854473 0.9063285889150744
IFr_retrained: 0.03743642033414939 0.06685500000000001 0.09627357966585064
valid_IFr_retrained: 0.04055733738507874 0.0563925 0.07222766261492125
