validity: 0.5 0.5 0.5
average_pairwise_L0_distance: 11.37917667105406 11.48169575299597 11.58421483493788
average_pairwise_L1_distance: 5.805529698103238 5.924461875821601 6.043394053539964
average_pairwise_binned_L0_distance: 10.32496868243317 10.42852513088236 10.53208157933155
accuracy_trained: 0.9018140430882953 0.904058387703196 0.9063027323180968
IFr_trained: 0.2609517709823693 0.27251000000000003 0.28406822901763074
valid_IFr_trained: 0.19925058159841522 0.2045325 0.2098144184015848
accuracy_retrained: 0.9015664530084427 0.9036381731726199 0.905709893336797
IFr_retrained: 0.039848211613397064 0.06229250000000001 0.08473678838660295
valid_IFr_retrained: 0.03852429562153248 0.0517875 0.06505070437846752
