validity: 0.45 0.45 0.45
average_pairwise_L0_distance: 11.41042105446922 11.506267844811964 11.602114635154708
average_pairwise_L1_distance: 5.833410124657144 5.947046662625931 6.060683200594719
average_pairwise_binned_L0_distance: 10.366594716938238 10.468563869122537 10.570533021306836
accuracy_trained: 0.9018140430882953 0.904058387703196 0.9063027323180968
IFr_trained: 0.2609517709823693 0.27251000000000003 0.28406822901763074
valid_IFr_trained: 0.19925058159841522 0.2045325 0.2098144184015848
accuracy_retrained: 0.9021937582726766 0.9043016697998452 0.9064095813270138
IFr_retrained: 0.03879621025161289 0.06397 0.0891437897483871
valid_IFr_retrained: 0.04103477197701841 0.05391499999999999 0.06679522802298157
