validity: 0.4 0.4 0.4
average_pairwise_L0_distance: 11.420496114486456 11.512529629121754 11.604563143757053
average_pairwise_L1_distance: 5.84841993367395 5.962552515305715 6.07668509693748
average_pairwise_binned_L0_distance: 10.397496906690478 10.494439152558144 10.59138139842581
accuracy_trained: 0.9018140430882953 0.904058387703196 0.9063027323180968
IFr_trained: 0.2609517709823693 0.27251000000000003 0.28406822901763074
valid_IFr_trained: 0.19925058159841522 0.2045325 0.2098144184015848
accuracy_retrained: 0.9026842237107422 0.9050646909211546 0.907445158131567
IFr_retrained: 0.041694466991342057 0.0677925 0.09389053300865796
valid_IFr_retrained: 0.03900372853839561 0.0541775 0.0693512714616044
