validity: 0.9499999999999997 0.9499999999999998 0.95
average_pairwise_L0_distance: 11.073555466428894 11.19636008687944 11.319164707329987
average_pairwise_L1_distance: 5.416468528321034 5.559713467640158 5.702958406959282
average_pairwise_binned_L0_distance: 9.791095227495596 9.920927526188716 10.050759824881837
accuracy_trained: 0.9018140430882953 0.904058387703196 0.9063027323180968
IFr_trained: 0.2609517709823693 0.27251000000000003 0.28406822901763074
valid_IFr_trained: 0.19925058159841522 0.2045325 0.2098144184015848
accuracy_retrained: 0.9022536822589905 0.904478602233772 0.9067035222085534
IFr_retrained: 0.04218170391405262 0.06692000000000001 0.09165829608594739
valid_IFr_retrained: 0.03704655848238951 0.048902499999999995 0.06075844151761048
