validity: 0.25 0.25 0.25
average_pairwise_L0_distance: 11.456381240495087 11.544358039776483 11.63233483905788
average_pairwise_L1_distance: 5.899641298251255 6.0139210528565865 6.128200807461918
average_pairwise_binned_L0_distance: 10.462436834801057 10.55667708175189 10.650917328702722
accuracy_trained: 0.9018140430882953 0.904058387703196 0.9063027323180968
IFr_trained: 0.2609517709823693 0.27251000000000003 0.28406822901763074
valid_IFr_trained: 0.19925058159841522 0.2045325 0.2098144184015848
accuracy_retrained: 0.9029071312514284 0.9047440008846621 0.9065808705178958
IFr_retrained: 0.03654272023673459 0.0657725 0.0950022797632654
valid_IFr_retrained: 0.0425557135585458 0.0561825 0.0698092864414542
