validity: 0.75 0.75 0.75
average_pairwise_L0_distance: 11.010368771659387 11.356616844033283 11.70286491640718
average_pairwise_L1_distance: 5.34189070621312 5.754608600205005 6.16732649419689
average_pairwise_binned_L0_distance: 9.82523868838005 10.193490959444834 10.561743230509617
accuracy_trained: 0.8969611468657761 0.904058387703196 0.9111556285406159
IFr_trained: 0.23595967058643658 0.27251000000000003 0.3090603294135635
valid_IFr_trained: 0.18782960743583615 0.2045325 0.22123539256416386
accuracy_retrained: 0.8967618675446324 0.904014154594714 0.9112664416447956
IFr_retrained: -0.014271627983648158 0.07044 0.15515162798364818
valid_IFr_retrained: 0.008562828427749074 0.0515525 0.09454217157225092
