validity: 0.05 0.05 0.05
average_pairwise_L0_distance: 11.442130581432961 11.531018629616389 11.619906677799817
average_pairwise_L1_distance: 5.913712838475465 6.015699170392298 6.117685502309131
average_pairwise_binned_L0_distance: 10.46972643559682 10.56591396045859 10.662101485320358
accuracy_trained: 0.9018140430882953 0.904058387703196 0.9063027323180968
IFr_trained: 0.2609517709823693 0.27251000000000003 0.28406822901763074
valid_IFr_trained: 0.19925058159841522 0.2045325 0.2098144184015848
accuracy_retrained: 0.9014070574250446 0.903538648678536 0.9056702399320273
IFr_retrained: 0.043975727446524754 0.060494999999999986 0.07701427255347522
valid_IFr_retrained: 0.05029333776964163 0.0644425 0.07859166223035838
