validity: 0.05 0.05 0.05
average_pairwise_L0_distance: 11.249929940589965 11.531018629616389 11.812107318642813
average_pairwise_L1_distance: 5.69319007132918 6.015699170392298 6.338208269455416
average_pairwise_binned_L0_distance: 10.261742299401329 10.56591396045859 10.87008562151585
accuracy_trained: 0.8969611468657761 0.904058387703196 0.9111556285406159
IFr_trained: 0.23595967058643658 0.27251000000000003 0.3090603294135635
valid_IFr_trained: 0.18782960743583615 0.2045325 0.22123539256416386
accuracy_retrained: 0.8967979652770098 0.903538648678536 0.9102793320800621
IFr_retrained: 0.008256473441912604 0.060494999999999986 0.11273352655808737
valid_IFr_retrained: 0.019698920368839516 0.0644425 0.10918607963116048
