validity: 0.5999999999999998 0.5999999999999999 0.6
average_pairwise_L0_distance: 11.332395282869236 11.436546113687676 11.540696944506116
average_pairwise_L1_distance: 5.744329710538353 5.866642519303413 5.9889553280684735
average_pairwise_binned_L0_distance: 10.239333560039523 10.348947186702645 10.458560813365768
accuracy_trained: 0.9018140430882953 0.904058387703196 0.9063027323180968
IFr_trained: 0.2609517709823693 0.27251000000000003 0.28406822901763074
valid_IFr_trained: 0.19925058159841522 0.2045325 0.2098144184015848
accuracy_retrained: 0.901735747062255 0.9035828817870177 0.9054300165117805
IFr_retrained: 0.04636365650260782 0.0696575 0.09295134349739217
valid_IFr_retrained: 0.04036782928953471 0.05274500000000001 0.0651221707104653
