validity: 0.9 0.9 0.9
average_pairwise_L0_distance: 11.119972780546282 11.240062612945723 11.360152445345163
average_pairwise_L1_distance: 5.470783358305299 5.614952109824566 5.759120861343833
average_pairwise_binned_L0_distance: 9.866215084053922 9.994991821382921 10.123768558711921
accuracy_trained: 0.9018140430882953 0.904058387703196 0.9063027323180968
IFr_trained: 0.2609517709823693 0.27251000000000003 0.28406822901763074
valid_IFr_trained: 0.19925058159841522 0.2045325 0.2098144184015848
accuracy_retrained: 0.901632220783159 0.9039035718235098 0.9061749228638606
IFr_retrained: 0.044178415235107335 0.0698225 0.09546658476489266
valid_IFr_retrained: 0.037012094144754884 0.048907500000000007 0.06080290585524513
