validity: 0.7 0.7 0.7
average_pairwise_L0_distance: 11.034635844071836 11.383429056618558 11.73222226916528
average_pairwise_L1_distance: 5.385415306556002 5.789560197848088 6.193705089140174
average_pairwise_binned_L0_distance: 9.882221308831918 10.244708691862034 10.60719607489215
accuracy_trained: 0.8969611468657761 0.904058387703196 0.9111556285406159
IFr_trained: 0.23595967058643658 0.27251000000000003 0.3090603294135635
valid_IFr_trained: 0.18782960743583615 0.2045325 0.22123539256416386
accuracy_retrained: 0.8985302116860142 0.903439124184452 0.9083480366828899
IFr_retrained: -0.004835338311813986 0.0642375 0.133310338311814
valid_IFr_retrained: 0.012554444547785336 0.0492925 0.08603055545221466
