validity: 1.0 1.0 1.0
average_pairwise_L0_distance: 11.022596055181761 11.148993283249506 11.275390511317251
average_pairwise_L1_distance: 5.3515755105030705 5.501155714791777 5.650735919080483
average_pairwise_binned_L0_distance: 9.703744902376558 9.839552551287763 9.975360200198969
accuracy_trained: 0.9018140430882953 0.904058387703196 0.9063027323180968
IFr_trained: 0.2609517709823693 0.27251000000000003 0.28406822901763074
valid_IFr_trained: 0.19925058159841522 0.2045325 0.2098144184015848
accuracy_retrained: 0.9023177024796505 0.9040915625345571 0.9058654225894638
IFr_retrained: 0.04159264492026675 0.06334000000000001 0.08508735507973327
valid_IFr_retrained: 0.03694268422335783 0.04895 0.06095731577664217
