validity: 0.7 0.7 0.7
average_pairwise_L0_distance: 11.273130958213072 11.383429056618558 11.493727155024045
average_pairwise_L1_distance: 5.661758361727673 5.789560197848088 5.9173620339685025
average_pairwise_binned_L0_distance: 10.13008011651713 10.244708691862034 10.359337267206937
accuracy_trained: 0.9018140430882953 0.904058387703196 0.9063027323180968
IFr_trained: 0.2609517709823693 0.27251000000000003 0.28406822901763074
valid_IFr_trained: 0.19925058159841522 0.2045325 0.2098144184015848
accuracy_retrained: 0.9018867897514989 0.903439124184452 0.9049914586174052
IFr_retrained: 0.04239475064821281 0.0642375 0.0860802493517872
valid_IFr_retrained: 0.03767490679654345 0.0492925 0.060910093203456556
