validity: 0.6499999999999999 0.6500000000000001 0.6500000000000004
average_pairwise_L0_distance: 11.088116949805931 11.412991880151427 11.737866810496923
average_pairwise_L1_distance: 5.435091786662806 5.822571695583409 6.210051604504011
average_pairwise_binned_L0_distance: 9.958767944782679 10.29964683800951 10.640525731236341
accuracy_trained: 0.8969611468657761 0.904058387703196 0.9111556285406159
IFr_trained: 0.23595967058643658 0.27251000000000003 0.3090603294135635
valid_IFr_trained: 0.18782960743583615 0.2045325 0.22123539256416386
accuracy_retrained: 0.8972264478979803 0.9034833572929337 0.9097402666878871
IFr_retrained: -0.009372511219837676 0.061247499999999996 0.13186751121983767
valid_IFr_retrained: 0.009693291119786208 0.0492875 0.0888817088802138
