validity: 0.35 0.35 0.35
average_pairwise_L0_distance: 12.845493152985599 13.911923076923078 14.978353000860556
average_pairwise_L1_distance: 6.993512812258883 7.830378228608997 8.667243644959111
average_pairwise_binned_L0_distance: 12.298119466464009 13.451538461538458 14.604957456612908
accuracy_trained: 0.6954186884895778 0.7645000000000001 0.8335813115104224
IFr_trained: -0.043927171814993705 0.059792500000000005 0.16351217181499372
valid_IFr_trained: -0.034444966540918255 0.05065000000000001 0.13574496654091828
accuracy_retrained: 0.6903153036624079 0.7605 0.830684696337592
IFr_retrained: 0.007644974367030932 0.059562500000000004 0.11148002563296908
valid_IFr_retrained: 0.004285103502685524 0.057479999999999996 0.11067489649731446
