validity: 0.25 0.25 0.25
average_pairwise_L0_distance: 13.295425435958919 14.014358974358974 14.733292512759029
average_pairwise_L1_distance: 7.4214769541813945 7.8059794888369565 8.190482023492518
average_pairwise_binned_L0_distance: 12.776564368020985 13.551282051282053 14.325999734543121
accuracy_trained: 0.6954186884895778 0.7645000000000001 0.8335813115104224
IFr_trained: -0.043927171814993705 0.059792500000000005 0.16351217181499372
valid_IFr_trained: -0.034444966540918255 0.05065000000000001 0.13574496654091828
accuracy_retrained: 0.6994505227462584 0.7665 0.8335494772537415
IFr_retrained: -0.04637865085110618 0.06178499999999999 0.16994865085110616
valid_IFr_retrained: -0.03419628543784198 0.060602500000000004 0.15540128543784199
