validity: 0.1 0.1 0.1
average_pairwise_L0_distance: 13.271988546457049 13.971666666666668 14.671344786876286
average_pairwise_L1_distance: 7.30027449468982 7.705423659799226 8.110572824908632
average_pairwise_binned_L0_distance: 12.744224770023965 13.504615384615382 14.2650059992068
accuracy_trained: 0.6954186884895778 0.7645000000000001 0.8335813115104224
IFr_trained: -0.043927171814993705 0.059792500000000005 0.16351217181499372
valid_IFr_trained: -0.034444966540918255 0.05065000000000001 0.13574496654091828
accuracy_retrained: 0.6885204364870628 0.7599999999999999 0.831479563512937
IFr_retrained: -0.023551528029805625 0.04867 0.12089152802980563
valid_IFr_retrained: -0.023992138786026865 0.04665999999999999 0.11731213878602685
