validity: 0.45 0.45 0.45
average_pairwise_L0_distance: 12.869637259956464 13.748205128205129 14.626772996453793
average_pairwise_L1_distance: 7.023809834602101 7.594972023326095 8.166134212050089
average_pairwise_binned_L0_distance: 12.36259409605258 13.260769230769231 14.158944365485882
accuracy_trained: 0.6954186884895778 0.7645000000000001 0.8335813115104224
IFr_trained: -0.043927171814993705 0.059792500000000005 0.16351217181499372
valid_IFr_trained: -0.034444966540918255 0.05065000000000001 0.13574496654091828
accuracy_retrained: 0.6886549230850509 0.76 0.8313450769149491
IFr_retrained: -0.02679934690638265 0.06873 0.16425934690638266
valid_IFr_retrained: -0.019693181806188544 0.06127499999999999 0.14224318180618853
