validity: 0.55 0.55 0.55
average_pairwise_L0_distance: 13.00735136924595 13.777692307692309 14.548033246138669
average_pairwise_L1_distance: 7.2257395917631335 7.669583818142643 8.113428044522152
average_pairwise_binned_L0_distance: 12.465961470057948 13.301923076923078 14.137884683788208
accuracy_trained: 0.6954186884895778 0.7645000000000001 0.8335813115104224
IFr_trained: -0.043927171814993705 0.059792500000000005 0.16351217181499372
valid_IFr_trained: -0.034444966540918255 0.05065000000000001 0.13574496654091828
accuracy_retrained: 0.6923212548264623 0.7649999999999999 0.8376787451735375
IFr_retrained: -0.06791042776780785 0.07478 0.21747042776780784
valid_IFr_retrained: -0.0436061230139554 0.0661675 0.17594112301395542
