validity: 0.6499999999999999 0.6500000000000001 0.6500000000000004
average_pairwise_L0_distance: 12.829457113327837 13.658205128205129 14.48695314308242
average_pairwise_L1_distance: 6.901876478574013 7.507995805225439 8.114115131876865
average_pairwise_binned_L0_distance: 12.224627855765723 13.132179487179489 14.039731118593254
accuracy_trained: 0.6954186884895778 0.7645000000000001 0.8335813115104224
IFr_trained: -0.043927171814993705 0.059792500000000005 0.16351217181499372
valid_IFr_trained: -0.034444966540918255 0.05065000000000001 0.13574496654091828
accuracy_retrained: 0.6859507976155638 0.7655000000000001 0.8450492023844364
IFr_retrained: -0.03868248196369757 0.06709999999999999 0.17288248196369754
valid_IFr_retrained: -0.027197373427385638 0.0596725 0.14654237342738563
