validity: 1.0 1.0 1.0
average_pairwise_L0_distance: 12.003319000619664 12.996666666666666 13.990014332713669
average_pairwise_L1_distance: 6.318453208957503 6.929264629915082 7.540076050872661
average_pairwise_binned_L0_distance: 11.43126141449315 12.390128205128207 13.348994995763263
accuracy_trained: 0.6954186884895778 0.7645000000000001 0.8335813115104224
IFr_trained: -0.043927171814993705 0.059792500000000005 0.16351217181499372
valid_IFr_trained: -0.034444966540918255 0.05065000000000001 0.13574496654091828
accuracy_retrained: 0.6771042015634291 0.7595 0.8418957984365708
IFr_retrained: -0.07261666127154488 0.0930025 0.2586216612715449
valid_IFr_retrained: -0.05162371524498119 0.07657749999999999 0.20477871524498117
