validity: 0.2 0.2 0.2
average_pairwise_L0_distance: 13.27057279678421 14.009871794871794 14.749170792959378
average_pairwise_L1_distance: 7.349915952712296 7.851112417748166 8.352308882784037
average_pairwise_binned_L0_distance: 12.790811425773711 13.57371794871795 14.35662447166219
accuracy_trained: 0.6954186884895778 0.7645000000000001 0.8335813115104224
IFr_trained: -0.043927171814993705 0.059792500000000005 0.16351217181499372
valid_IFr_trained: -0.034444966540918255 0.05065000000000001 0.13574496654091828
accuracy_retrained: 0.6805567570972664 0.7595 0.8384432429027335
IFr_retrained: 0.0009467662189412002 0.0646825 0.12841823378105882
valid_IFr_retrained: -0.0012519028310607333 0.062354999999999994 0.12596190283106073
