validity: 0.9 0.9 0.9
average_pairwise_L0_distance: 12.346306302367086 13.233076923076922 14.119847543786758
average_pairwise_L1_distance: 6.671737417487568 7.160001363267199 7.648265309046829
average_pairwise_binned_L0_distance: 11.816054104326302 12.672692307692309 13.529330511058316
accuracy_trained: 0.6954186884895778 0.7645000000000001 0.8335813115104224
IFr_trained: -0.043927171814993705 0.059792500000000005 0.16351217181499372
valid_IFr_trained: -0.034444966540918255 0.05065000000000001 0.13574496654091828
accuracy_retrained: 0.6802230620159457 0.7635 0.8467769379840542
IFr_retrained: -0.025196533352187453 0.09031000000000002 0.20581653335218747
valid_IFr_retrained: -0.019373668451081974 0.076735 0.17284366845108196
