validity: 0.75 0.75 0.75
average_pairwise_L0_distance: 12.658936704861842 13.48397435897436 14.309012013086877
average_pairwise_L1_distance: 6.778666016162528 7.3851591597191115 7.991652303275695
average_pairwise_binned_L0_distance: 12.112520545163832 12.971666666666664 13.830812788169496
accuracy_trained: 0.6954186884895778 0.7645000000000001 0.8335813115104224
IFr_trained: -0.043927171814993705 0.059792500000000005 0.16351217181499372
valid_IFr_trained: -0.034444966540918255 0.05065000000000001 0.13574496654091828
accuracy_retrained: 0.6921675518487975 0.766 0.8398324481512025
IFr_retrained: -0.04157735064583662 0.0825775 0.20673235064583662
valid_IFr_retrained: -0.03616111638045649 0.07391 0.1839811163804565
