validity: 0.5 0.5 0.5
average_pairwise_L0_distance: 12.866739044960122 13.81730769230769 14.767876339655258
average_pairwise_L1_distance: 6.993066722032942 7.653148638942755 8.31323055585257
average_pairwise_binned_L0_distance: 12.367958449174251 13.354230769230767 14.340503089287283
accuracy_trained: 0.6954186884895778 0.7645000000000001 0.8335813115104224
IFr_trained: -0.043927171814993705 0.059792500000000005 0.16351217181499372
valid_IFr_trained: -0.034444966540918255 0.05065000000000001 0.13574496654091828
accuracy_retrained: 0.6948816211545192 0.7615000000000001 0.8281183788454809
IFr_retrained: -0.04026841954639308 0.076635 0.19353841954639306
valid_IFr_retrained: -0.031015387581874762 0.06989999999999999 0.17081538758187476
