validity: 0.2999999999999998 0.29999999999999993 0.30000000000000004
average_pairwise_L0_distance: 13.20393710682669 13.985256410256408 14.766575713686127
average_pairwise_L1_distance: 7.290368672448813 7.818518889607125 8.346669106765438
average_pairwise_binned_L0_distance: 12.681010731033606 13.536666666666667 14.392322602299728
accuracy_trained: 0.6954186884895778 0.7645000000000001 0.8335813115104224
IFr_trained: -0.043927171814993705 0.059792500000000005 0.16351217181499372
valid_IFr_trained: -0.034444966540918255 0.05065000000000001 0.13574496654091828
accuracy_retrained: 0.6976135978585032 0.7665 0.8353864021414967
IFr_retrained: -0.024045280007930603 0.04919 0.1224252800079306
valid_IFr_retrained: -0.017405549919770523 0.047112499999999995 0.1116305499197705
