validity: 0.0 0.0 0.0
average_pairwise_L0_distance: 13.376013318724604 14.044999999999998 14.713986681275392
average_pairwise_L1_distance: 7.374217295117498 7.775609702263549 8.1770021094096
average_pairwise_binned_L0_distance: 12.85842089582462 13.592435897435896 14.326450899047172
accuracy_trained: 0.6954186884895778 0.7645000000000001 0.8335813115104224
IFr_trained: -0.043927171814993705 0.059792500000000005 0.16351217181499372
valid_IFr_trained: -0.034444966540918255 0.05065000000000001 0.13574496654091828
accuracy_retrained: 0.6756895234302491 0.757 0.8383104765697509
IFr_retrained: -0.007883650050257637 0.0666075 0.14109865005025762
valid_IFr_retrained: -0.0038151809700809405 0.06165750000000001 0.12713018097008097
