validity: 0.5999999999999996 0.5999999999999999 0.6000000000000001
average_pairwise_L0_distance: 12.744631004982223 13.674358974358976 14.604086943735728
average_pairwise_L1_distance: 6.849607413439021 7.483040606577939 8.116473799716857
average_pairwise_binned_L0_distance: 12.222491641817825 13.187820512820512 14.153149383823198
accuracy_trained: 0.6954186884895778 0.7645000000000001 0.8335813115104224
IFr_trained: -0.043927171814993705 0.059792500000000005 0.16351217181499372
valid_IFr_trained: -0.034444966540918255 0.05065000000000001 0.13574496654091828
accuracy_retrained: 0.6838322949997877 0.7615 0.8391677050002122
IFr_retrained: -0.002576945871195682 0.08665500000000001 0.1758869458711957
valid_IFr_retrained: 0.0002820313886135045 0.0776725 0.15506296861138652
