validity: 0.5 0.5 0.5
average_pairwise_L0_distance: 10.994210013706407 11.116532243305693 11.238854472904979
average_pairwise_L1_distance: 3.964402028162148 4.124236004602118 4.284069981042087
average_pairwise_binned_L0_distance: 9.441921287587585 9.883121927950967 10.324322568314349
accuracy_trained: 0.8314615989387307 0.8386918470750807 0.8459220952114307
IFr_trained: 0.010429998012804205 0.028002499999999996 0.04557500198719579
valid_IFr_trained: 0.03094476182260272 0.0573075 0.08367023817739727
accuracy_retrained: 0.7460047124438761 0.8145555043758638 0.8831062963078514
IFr_retrained: -0.003293932107709223 0.0100725 0.023438932107709223
valid_IFr_retrained: -0.016894704156473303 0.032034999999999994 0.08096470415647329
