validity: 0.4 0.4 0.4
average_pairwise_L0_distance: 11.050321343437881 11.160834570122711 11.271347796807541
average_pairwise_L1_distance: 4.020469549334596 4.192168965104978 4.36386838087536
average_pairwise_binned_L0_distance: 9.518586174076757 9.972272067687504 10.42595796129825
accuracy_trained: 0.8314615989387307 0.8386918470750807 0.8459220952114307
IFr_trained: 0.010429998012804205 0.028002499999999996 0.04557500198719579
valid_IFr_trained: 0.03094476182260272 0.0573075 0.08367023817739727
accuracy_retrained: 0.782308070235551 0.8292184861047136 0.8761289019738762
IFr_retrained: 0.00013112073964212378 0.017095 0.034058879260357874
valid_IFr_retrained: 0.002773517800327238 0.0393175 0.07586148219967276
