validity: 0.45 0.45 0.45
average_pairwise_L0_distance: 11.021709196536134 11.14223892527431 11.262768654012485
average_pairwise_L1_distance: 3.9771338862571497 4.163648847065667 4.350163807874184
average_pairwise_binned_L0_distance: 9.495012214399704 9.939400390341355 10.383788566283005
accuracy_trained: 0.8314615989387307 0.8386918470750807 0.8459220952114307
IFr_trained: 0.010429998012804205 0.028002499999999996 0.04557500198719579
valid_IFr_trained: 0.03094476182260272 0.0573075 0.08367023817739727
accuracy_retrained: 0.4170699866905593 0.7672808229694458 1.1174916592483322
IFr_retrained: -0.002314057006862229 0.0126775 0.02766905700686223
valid_IFr_retrained: -0.005028868744841472 0.034199999999999994 0.07342886874484146
