validity: 0.05 0.05 0.05
average_pairwise_L0_distance: 11.153916657440783 11.250946867056065 11.347977076671347
average_pairwise_L1_distance: 4.149366164016549 4.33032862102406 4.511291078031571
average_pairwise_binned_L0_distance: 9.671932937699697 10.128365395400678 10.584797853101659
accuracy_trained: 0.8314615989387307 0.8386918470750807 0.8459220952114307
IFr_trained: 0.010429998012804205 0.028002499999999996 0.04557500198719579
valid_IFr_trained: 0.03094476182260272 0.0573075 0.08367023817739727
accuracy_retrained: 0.7829996200628399 0.8273453093812375 0.8716909986996352
IFr_retrained: 0.0028120000000000003 0.011362500000000001 0.019913
valid_IFr_retrained: 0.007861612882397725 0.03651 0.06515838711760227
