validity: 1.0 1.0 1.0
average_pairwise_L0_distance: 10.588855912606702 10.765450185429856 10.94204445825301
average_pairwise_L1_distance: 3.4004114153583505 3.484496982219826 3.5685825490813015
average_pairwise_binned_L0_distance: 8.840209632833538 9.135896645732753 9.431583658631968
accuracy_trained: 0.8314615989387307 0.8386918470750807 0.8459220952114307
IFr_trained: 0.010429998012804205 0.028002499999999996 0.04557500198719579
valid_IFr_trained: 0.03094476182260272 0.0573075 0.08367023817739727
accuracy_retrained: 0.7452125406073753 0.8122370643328727 0.8792615880583701
IFr_retrained: -0.009041253089897993 0.012204999999999999 0.03345125308989799
valid_IFr_retrained: -0.009494988917539478 0.025522499999999997 0.06053998891753947
