validity: 0.5999999999999996 0.5999999999999999 0.6000000000000001
average_pairwise_L0_distance: 10.941062395729508 11.066593699045164 11.19212500236082
average_pairwise_L1_distance: 3.854082849913888 4.02299285277142 4.1919028556289515
average_pairwise_binned_L0_distance: 9.359304018550782 9.779644631153397 10.199985243756013
accuracy_trained: 0.8314615989387307 0.8386918470750807 0.8459220952114307
IFr_trained: 0.010429998012804205 0.028002499999999996 0.04557500198719579
valid_IFr_trained: 0.03094476182260272 0.0573075 0.08367023817739727
accuracy_retrained: 0.7272298145942319 0.8057116536158452 0.8841934926374585
IFr_retrained: -0.009501638789286474 0.0104575 0.030416638789286472
valid_IFr_retrained: -0.015612957115969685 0.025545 0.06670295711596969
