validity: 0.9499999999999996 0.9499999999999998 0.9500000000000001
average_pairwise_L0_distance: 10.644673865020406 10.811043732163961 10.977413599307516
average_pairwise_L1_distance: 3.4885536087495383 3.566144551516836 3.643735494284134
average_pairwise_binned_L0_distance: 8.936660541127846 9.234832239409364 9.533003937690882
accuracy_trained: 0.8314615989387307 0.8386918470750807 0.8459220952114307
IFr_trained: 0.010429998012804205 0.028002499999999996 0.04557500198719579
valid_IFr_trained: 0.03094476182260272 0.0573075 0.08367023817739727
accuracy_retrained: 0.7603066268198644 0.8217257792108091 0.8831449316017539
IFr_retrained: -0.0010352685575025864 0.0114025 0.023840268557502584
valid_IFr_retrained: -0.002182657227295312 0.029165000000000003 0.06051265722729532
