validity: 0.0 0.0 0.0
average_pairwise_L0_distance: 11.15318037341631 11.256356743188212 11.359533112960113
average_pairwise_L1_distance: 4.18134888752665 4.35295776721995 4.524566646913249
average_pairwise_binned_L0_distance: 9.681427374155966 10.144508478058352 10.607589581960738
accuracy_trained: 0.8314615989387307 0.8386918470750807 0.8459220952114307
IFr_trained: 0.010429998012804205 0.028002499999999996 0.04557500198719579
valid_IFr_trained: 0.03094476182260272 0.0573075 0.08367023817739727
accuracy_retrained: 0.7485312862478136 0.8152464302164901 0.8819615741851666
IFr_retrained: -0.003488621081927065 0.01005 0.023588621081927066
valid_IFr_retrained: -0.009004827604572288 0.027549999999999998 0.06410482760457228
