validity: 0.35 0.35 0.35
average_pairwise_L0_distance: 11.089520740189096 11.188894989202447 11.288269238215799
average_pairwise_L1_distance: 4.05180910422699 4.2366545513625 4.42149999849801
average_pairwise_binned_L0_distance: 9.58283194955254 10.02567397641658 10.468516003280621
accuracy_trained: 0.8314615989387307 0.8386918470750807 0.8459220952114307
IFr_trained: 0.010429998012804205 0.028002499999999996 0.04557500198719579
valid_IFr_trained: 0.03094476182260272 0.0573075 0.08367023817739727
accuracy_retrained: 0.7832483649828856 0.8311684323660371 0.8790884997491886
IFr_retrained: 0.0014023099033477395 0.011355 0.02130769009665226
valid_IFr_retrained: 0.006153786981323767 0.033960000000000004 0.06176621301867624
