validity: 0.85 0.85 0.85
average_pairwise_L0_distance: 10.756340961905904 10.894748574592864 11.033156187279824
average_pairwise_L1_distance: 3.6306558269965534 3.7194856311214806 3.8083154352464077
average_pairwise_binned_L0_distance: 9.077873972073528 9.41791555827905 9.757957144484573
accuracy_trained: 0.8314615989387307 0.8386918470750807 0.8459220952114307
IFr_trained: 0.010429998012804205 0.028002499999999996 0.04557500198719579
valid_IFr_trained: 0.03094476182260272 0.0573075 0.08367023817739727
accuracy_retrained: 0.7624324002119398 0.8229387379087978 0.8834450756056558
IFr_retrained: -0.0014752588144153842 0.010977499999999998 0.023430258814415378
valid_IFr_retrained: -0.004293096539857648 0.029285 0.06286309653985764
