validity: 0.7 0.7 0.7
average_pairwise_L0_distance: 10.879686576855049 11.006046276585069 11.13240597631509
average_pairwise_L1_distance: 3.7925239312417283 3.9132502010539576 4.033976470866187
average_pairwise_binned_L0_distance: 9.278023638435775 9.649747978336409 10.021472318237043
accuracy_trained: 0.8314615989387307 0.8386918470750807 0.8459220952114307
IFr_trained: 0.010429998012804205 0.028002499999999996 0.04557500198719579
valid_IFr_trained: 0.03094476182260272 0.0573075 0.08367023817739727
accuracy_retrained: 0.7805603503290125 0.8283126055581145 0.8760648607872165
IFr_retrained: -0.00019165095400197098 0.015252499999999999 0.030696650954001967
valid_IFr_retrained: 0.007694292485130649 0.034492499999999995 0.06129070751486934
