validity: 0.25 0.25 0.25
average_pairwise_L0_distance: 11.26615097279581 11.544358039776483 11.822565106757157
average_pairwise_L1_distance: 5.652536737858622 6.0139210528565865 6.375305367854551
average_pairwise_binned_L0_distance: 10.25866325413052 10.55667708175189 10.854690909373259
accuracy_trained: 0.8969611468657761 0.904058387703196 0.9111556285406159
IFr_trained: 0.23595967058643658 0.27251000000000003 0.3090603294135635
valid_IFr_trained: 0.18782960743583615 0.2045325 0.22123539256416386
accuracy_retrained: 0.8989353090788454 0.9047440008846621 0.9105526926904788
IFr_retrained: -0.026660179557015995 0.0657725 0.158205179557016
valid_IFr_retrained: 0.013090817656304023 0.0561825 0.09927418234369598
