validity: 0.2999999999999998 0.29999999999999993 0.30000000000000004
average_pairwise_L0_distance: 11.229418801596404 11.535463854920149 11.841508908243894
average_pairwise_L1_distance: 5.648910479315291 5.996852704105309 6.344794928895326
average_pairwise_binned_L0_distance: 10.212622980965527 10.539033490702334 10.86544400043914
accuracy_trained: 0.8969611468657761 0.904058387703196 0.9111556285406159
IFr_trained: 0.23595967058643658 0.27251000000000003 0.3090603294135635
valid_IFr_trained: 0.18782960743583615 0.2045325 0.22123539256416386
accuracy_retrained: 0.8989333846776049 0.9044343691252903 0.9099353535729757
IFr_retrained: -0.01352861038927574 0.0580375 0.12960361038927573
valid_IFr_retrained: 0.00938345762665771 0.055055 0.10072654237334229
