validity: 0.1 0.1 0.1
average_pairwise_L0_distance: 11.275833091206382 11.53438881978148 11.792944548356578
average_pairwise_L1_distance: 5.6944691829398915 6.019837345067137 6.345205507194383
average_pairwise_binned_L0_distance: 10.282021012432086 10.56525434519641 10.848487677960733
accuracy_trained: 0.8969611468657761 0.904058387703196 0.9111556285406159
IFr_trained: 0.23595967058643658 0.27251000000000003 0.3090603294135635
valid_IFr_trained: 0.18782960743583615 0.2045325 0.22123539256416386
accuracy_retrained: 0.8989236549069242 0.9040583877031958 0.9091931204994674
IFr_retrained: -0.005663381570546293 0.0615475 0.12875838157054628
valid_IFr_retrained: 0.009083022572598055 0.06048249999999998 0.11188197742740191
