validity: 0.9499999999999996 0.9499999999999998 0.9500000000000001
average_pairwise_L0_distance: 10.80801777906322 11.19636008687944 11.584702394695661
average_pairwise_L1_distance: 5.106733196099116 5.559713467640158 6.0126937391812
average_pairwise_binned_L0_distance: 9.510361748463156 9.920927526188716 10.331493303914277
accuracy_trained: 0.8969611468657761 0.904058387703196 0.9111556285406159
IFr_trained: 0.23595967058643658 0.27251000000000003 0.3090603294135635
valid_IFr_trained: 0.18782960743583615 0.2045325 0.22123539256416386
accuracy_retrained: 0.897442787501858 0.904478602233772 0.9115144169656859
IFr_retrained: -0.011309361063222279 0.06692000000000001 0.1451493610632223
valid_IFr_retrained: 0.011410720998597572 0.048902499999999995 0.08639427900140242
