validity: 1.0 1.0 1.0
average_pairwise_L0_distance: 10.749290152623667 11.148993283249506 11.548696413875346
average_pairwise_L1_distance: 5.0281415763661785 5.501155714791777 5.974169853217375
average_pairwise_binned_L0_distance: 9.410091057055865 9.839552551287763 10.269014045519661
accuracy_trained: 0.8969611468657761 0.904058387703196 0.9111556285406159
IFr_trained: 0.23595967058643658 0.27251000000000003 0.3090603294135635
valid_IFr_trained: 0.18782960743583615 0.2045325 0.22123539256416386
accuracy_retrained: 0.8984821245106609 0.9040915625345571 0.9097010005584534
IFr_retrained: -0.005431175136389799 0.06334000000000001 0.1321111751363898
valid_IFr_retrained: 0.01097953356093713 0.04895 0.08692046643906287
