validity: 0.5 0.5 0.5
average_pairwise_L0_distance: 11.157501950430095 11.48169575299597 11.805889555561844
average_pairwise_L1_distance: 5.5483653071476455 5.924461875821601 6.3005584444955565
average_pairwise_binned_L0_distance: 10.101050887385105 10.42852513088236 10.755999374379615
accuracy_trained: 0.8969611468657761 0.904058387703196 0.9111556285406159
IFr_trained: 0.23595967058643658 0.27251000000000003 0.3090603294135635
valid_IFr_trained: 0.18782960743583615 0.2045325 0.22123539256416386
accuracy_retrained: 0.8970868187793223 0.9036381731726199 0.9101895275659174
IFr_retrained: -0.0086825717633311 0.06229250000000001 0.13326757176333112
valid_IFr_retrained: 0.009845565091724726 0.0517875 0.09372943490827527
