validity: 0.0 0.0 0.0
average_pairwise_L0_distance: 11.22722153475791 11.511984245143028 11.796746955528146
average_pairwise_L1_distance: 5.655325485292456 5.994585034312253 6.33384458333205
average_pairwise_binned_L0_distance: 10.242410334969623 10.54789596505233 10.853381595135037
accuracy_trained: 0.8969611468657761 0.904058387703196 0.9111556285406159
IFr_trained: 0.23595967058643658 0.27251000000000003 0.3090603294135635
valid_IFr_trained: 0.18782960743583615 0.2045325 0.22123539256416386
accuracy_retrained: 0.8980222435361256 0.9029083268826718 0.9077944102292179
IFr_retrained: 0.00016993141279202095 0.0643 0.12843006858720796
valid_IFr_retrained: 0.020683567543225395 0.071025 0.12136643245677461
