validity: 0.5999999999999996 0.5999999999999999 0.6000000000000001
average_pairwise_L0_distance: 11.107192268102548 11.436546113687676 11.765899959272804
average_pairwise_L1_distance: 5.479855456593215 5.866642519303413 6.253429582013611
average_pairwise_binned_L0_distance: 10.002318463855813 10.348947186702645 10.695575909549477
accuracy_trained: 0.8969611468657761 0.904058387703196 0.9111556285406159
IFr_trained: 0.23595967058643658 0.27251000000000003 0.3090603294135635
valid_IFr_trained: 0.18782960743583615 0.2045325 0.22123539256416386
accuracy_retrained: 0.8977417289115793 0.9035828817870177 0.9094240346624561
IFr_retrained: -0.004004100911261771 0.0696575 0.14331910091126177
valid_IFr_retrained: 0.013604949566205213 0.05274500000000001 0.0918850504337948
