validity: 0.85 0.85 0.85
average_pairwise_L0_distance: 10.914482522592523 11.284418632554814 11.654354742517105
average_pairwise_L1_distance: 5.234032158926534 5.663734129587288 6.093436100248042
average_pairwise_binned_L0_distance: 9.678506216014677 10.069122476015103 10.45973873601553
accuracy_trained: 0.8969611468657761 0.904058387703196 0.9111556285406159
IFr_trained: 0.23595967058643658 0.27251000000000003 0.3090603294135635
valid_IFr_trained: 0.18782960743583615 0.2045325 0.22123539256416386
accuracy_retrained: 0.8984883231948327 0.904058387703196 0.9096284522115593
IFr_retrained: -0.02453869057207561 0.070155 0.1648486905720756
valid_IFr_retrained: 0.011316676695443166 0.0487525 0.08618832330455684
