validity: 0.1499999999999999 0.14999999999999997 0.15000000000000002
average_pairwise_L0_distance: 11.265248428424256 11.540603099548953 11.81595777067365
average_pairwise_L1_distance: 5.668795603399866 6.0196490615197185 6.370502519639571
average_pairwise_binned_L0_distance: 10.272597063362712 10.566082552610055 10.859568041857399
accuracy_trained: 0.8969611468657761 0.904058387703196 0.9111556285406159
IFr_trained: 0.23595967058643658 0.27251000000000003 0.3090603294135635
valid_IFr_trained: 0.18782960743583615 0.2045325 0.22123539256416386
accuracy_retrained: 0.8978869604099441 0.904246378414243 0.910605796418542
IFr_retrained: -0.016908213097613714 0.06659250000000001 0.15009321309761375
valid_IFr_retrained: 0.008249142392001488 0.0662925 0.12433585760799852
