validity: 0.45 0.45 0.45
average_pairwise_L0_distance: 11.203173680912263 11.506267844811964 11.809362008711664
average_pairwise_L1_distance: 5.587696377228359 5.947046662625931 6.306396948023504
average_pairwise_binned_L0_distance: 10.14610909714382 10.468563869122537 10.791018641101255
accuracy_trained: 0.8969611468657761 0.904058387703196 0.9111556285406159
IFr_trained: 0.23595967058643658 0.27251000000000003 0.3090603294135635
valid_IFr_trained: 0.18782960743583615 0.2045325 0.22123539256416386
accuracy_retrained: 0.8976358682678685 0.9043016697998452 0.9109674713318219
IFr_retrained: -0.01563651294310034 0.06397 0.14357651294310034
valid_IFr_retrained: 0.013184142665050608 0.05391499999999999 0.09464585733494937
