validity: 0.55 0.55 0.55
average_pairwise_L0_distance: 13.030381950472893 13.594358974358974 14.158335998245054
average_pairwise_L1_distance: 6.793639504599047 7.359812619130492 7.925985733661936
average_pairwise_binned_L0_distance: 12.378997669651962 12.984230769230772 13.589463868809581
accuracy_trained: 0.7308447617151246 0.7715 0.8121552382848753
IFr_trained: 0.05646071583656507 0.0992525 0.14204428416343493
valid_IFr_trained: 0.05895351109756244 0.1011425 0.14333148890243755
accuracy_retrained: 0.7112288113198045 0.762 0.8127711886801955
IFr_retrained: 0.009314678169312869 0.068565 0.12781532183068714
valid_IFr_retrained: 0.0136247748134177 0.07394500000000001 0.13426522518658232
