validity: 0.8 0.8 0.8
average_pairwise_L0_distance: 12.650024480768664 13.200641025641028 13.751257570513392
average_pairwise_L1_distance: 6.409594891540268 6.919849952209679 7.430105012879091
average_pairwise_binned_L0_distance: 11.768127084900305 12.492820512820513 13.217513940740721
accuracy_trained: 0.7308447617151246 0.7715 0.8121552382848753
IFr_trained: 0.05646071583656507 0.0992525 0.14204428416343493
valid_IFr_trained: 0.05895351109756244 0.1011425 0.14333148890243755
accuracy_retrained: 0.7283277795281285 0.7709999999999999 0.8136722204718713
IFr_retrained: 0.01009656770989821 0.06701 0.12392343229010179
valid_IFr_retrained: 0.015884848497035864 0.06978749999999999 0.12369015150296411
