validity: 0.6499999999999999 0.6500000000000001 0.6500000000000004
average_pairwise_L0_distance: 12.687989996978347 13.378589743589743 14.069189490201138
average_pairwise_L1_distance: 6.553470174725432 7.154138285294396 7.754806395863359
average_pairwise_binned_L0_distance: 11.903082953771754 12.719102564102563 13.535122174433372
accuracy_trained: 0.7308447617151246 0.7715 0.8121552382848753
IFr_trained: 0.05646071583656507 0.0992525 0.14204428416343493
valid_IFr_trained: 0.05895351109756244 0.1011425 0.14333148890243755
accuracy_retrained: 0.7136344597835093 0.761 0.8083655402164908
IFr_retrained: 0.016218065822338514 0.0675225 0.11882693417766149
valid_IFr_retrained: 0.018272739987282238 0.07144249999999999 0.12461226001271775
