validity: 0.05 0.05 0.05
average_pairwise_L0_distance: 13.314757134389794 13.807948717948719 14.301140301507644
average_pairwise_L1_distance: 7.129418910830086 7.517388546345562 7.905358181861038
average_pairwise_binned_L0_distance: 12.769501956497363 13.256794871794872 13.744087787092381
accuracy_trained: 0.7308447617151246 0.7715 0.8121552382848753
IFr_trained: 0.05646071583656507 0.0992525 0.14204428416343493
valid_IFr_trained: 0.05895351109756244 0.1011425 0.14333148890243755
accuracy_retrained: 0.7270814278149184 0.7635 0.7999185721850816
IFr_retrained: 0.013675845866781076 0.075545 0.13741415413321892
valid_IFr_retrained: 0.016128294933579188 0.082395 0.1486617050664208
