validity: 0.25 0.25 0.25
average_pairwise_L0_distance: 13.176467728225795 13.778846153846152 14.381224579466508
average_pairwise_L1_distance: 6.897074031705655 7.450240092486697 8.00340615326774
average_pairwise_binned_L0_distance: 12.548818677816108 13.157051282051281 13.765283886286454
accuracy_trained: 0.7308447617151246 0.7715 0.8121552382848753
IFr_trained: 0.05646071583656507 0.0992525 0.14204428416343493
valid_IFr_trained: 0.05895351109756244 0.1011425 0.14333148890243755
accuracy_retrained: 0.7226001503133882 0.7705 0.8183998496866117
IFr_retrained: 0.00694951679054201 0.06819499999999999 0.12944048320945797
valid_IFr_retrained: 0.00499898191839214 0.07002749999999999 0.13505601808160783
