validity: 0.35 0.35 0.35
average_pairwise_L0_distance: 13.058422724204831 13.748461538461537 14.438500352718243
average_pairwise_L1_distance: 6.8709800801822025 7.455188262089848 8.039396443997495
average_pairwise_binned_L0_distance: 12.36632390685687 13.127820512820515 13.88931711878416
accuracy_trained: 0.7308447617151246 0.7715 0.8121552382848753
IFr_trained: 0.05646071583656507 0.0992525 0.14204428416343493
valid_IFr_trained: 0.05895351109756244 0.1011425 0.14333148890243755
accuracy_retrained: 0.7045287493773449 0.7635 0.822471250622655
IFr_retrained: 0.01013031256597162 0.07604999999999999 0.14196968743402838
valid_IFr_retrained: 0.015445399594694736 0.07993999999999998 0.14443460040530523
