validity: 0.1499999999999999 0.14999999999999997 0.15000000000000002
average_pairwise_L0_distance: 13.284452422905375 13.826025641025641 14.367598859145907
average_pairwise_L1_distance: 6.986086205910014 7.477683332504597 7.96928045909918
average_pairwise_binned_L0_distance: 12.72709041625583 13.265641025641026 13.804191635026221
accuracy_trained: 0.7308447617151246 0.7715 0.8121552382848753
IFr_trained: 0.05646071583656507 0.0992525 0.14204428416343493
valid_IFr_trained: 0.05895351109756244 0.1011425 0.14333148890243755
accuracy_retrained: 0.725607324319392 0.7670000000000001 0.8083926756806082
IFr_retrained: 0.007030153348456018 0.069525 0.13201984665154398
valid_IFr_retrained: 0.017729332263560403 0.07602 0.1343106677364396
