validity: 0.85 0.85 0.85
average_pairwise_L0_distance: 12.44340020400599 13.075641025641028 13.707881847276067
average_pairwise_L1_distance: 6.225246408632227 6.792350220166966 7.359454031701706
average_pairwise_binned_L0_distance: 11.622605682371224 12.343461538461538 13.064317394551852
accuracy_trained: 0.7308447617151246 0.7715 0.8121552382848753
IFr_trained: 0.05646071583656507 0.0992525 0.14204428416343493
valid_IFr_trained: 0.05895351109756244 0.1011425 0.14333148890243755
accuracy_retrained: 0.72828 0.7665 0.8047199999999999
IFr_retrained: 0.008155675318196373 0.06785250000000001 0.12754932468180363
valid_IFr_retrained: 0.00921631935981121 0.068775 0.1283336806401888
