validity: 0.2999999999999998 0.29999999999999993 0.30000000000000004
average_pairwise_L0_distance: 13.09688230528942 13.727820512820514 14.35875872035161
average_pairwise_L1_distance: 6.955086611713408 7.490780219780217 8.026473827847028
average_pairwise_binned_L0_distance: 12.498074537497631 13.153333333333332 13.808592129169034
accuracy_trained: 0.7308447617151246 0.7715 0.8121552382848753
IFr_trained: 0.05646071583656507 0.0992525 0.14204428416343493
valid_IFr_trained: 0.05895351109756244 0.1011425 0.14333148890243755
accuracy_retrained: 0.7124331141620137 0.761 0.8095668858379863
IFr_retrained: 0.008941789692569313 0.06465499999999999 0.12036821030743067
valid_IFr_retrained: 0.01574485225551899 0.06823 0.120715147744481
