validity: 0.1 0.1 0.1
average_pairwise_L0_distance: 13.297183664045942 13.828205128205127 14.359226592364312
average_pairwise_L1_distance: 7.063889765789238 7.581106148376511 8.098322530963785
average_pairwise_binned_L0_distance: 12.68532950183836 13.235256410256412 13.785183318674463
accuracy_trained: 0.7308447617151246 0.7715 0.8121552382848753
IFr_trained: 0.05646071583656507 0.0992525 0.14204428416343493
valid_IFr_trained: 0.05895351109756244 0.1011425 0.14333148890243755
accuracy_retrained: 0.7255473702784103 0.7685000000000001 0.8114526297215898
IFr_retrained: 0.018442409970056473 0.0769175 0.13539259002994353
valid_IFr_retrained: 0.027458239596126643 0.08077000000000001 0.13408176040387337
