validity: 0.5999999999999996 0.5999999999999999 0.6000000000000001
average_pairwise_L0_distance: 12.948219729193454 13.544999999999998 14.141780270806542
average_pairwise_L1_distance: 6.668568364352767 7.236139951049452 7.803711537746137
average_pairwise_binned_L0_distance: 12.24122457683325 12.902435897435899 13.563647218038547
accuracy_trained: 0.7308447617151246 0.7715 0.8121552382848753
IFr_trained: 0.05646071583656507 0.0992525 0.14204428416343493
valid_IFr_trained: 0.05895351109756244 0.1011425 0.14333148890243755
accuracy_retrained: 0.7234400000000001 0.7695000000000001 0.8155600000000001
IFr_retrained: 0.01021716533636887 0.07094249999999999 0.1316678346636311
valid_IFr_retrained: 0.012642499563537711 0.07437750000000001 0.1361125004364623
