validity: 0.4 0.4 0.4
average_pairwise_L0_distance: 13.24135754132239 13.704102564102564 14.166847586882739
average_pairwise_L1_distance: 6.965263219056175 7.43025035635556 7.895237493654945
average_pairwise_binned_L0_distance: 12.624228537017457 13.084615384615384 13.545002232213312
accuracy_trained: 0.7308447617151246 0.7715 0.8121552382848753
IFr_trained: 0.05646071583656507 0.0992525 0.14204428416343493
valid_IFr_trained: 0.05895351109756244 0.1011425 0.14333148890243755
accuracy_retrained: 0.7177571936132816 0.7685000000000001 0.8192428063867185
IFr_retrained: 0.014493207082176308 0.06654499999999999 0.11859679291782368
valid_IFr_retrained: 0.02412520360364559 0.07150500000000001 0.11888479639635444
