validity: 1.0 1.0 1.0
average_pairwise_L0_distance: 12.124630496637637 12.788717948717949 13.45280540079826
average_pairwise_L1_distance: 5.875430854985755 6.514235626992416 7.153040398999078
average_pairwise_binned_L0_distance: 11.205590322146508 12.00051282051282 12.795435318879134
accuracy_trained: 0.7308447617151246 0.7715 0.8121552382848753
IFr_trained: 0.05646071583656507 0.0992525 0.14204428416343493
valid_IFr_trained: 0.05895351109756244 0.1011425 0.14333148890243755
accuracy_retrained: 0.7076057933790086 0.7685000000000001 0.8293942066209915
IFr_retrained: 0.019326829129198246 0.071515 0.12370317087080174
valid_IFr_retrained: 0.014664540715473053 0.07522 0.13577545928452694
