validity: 0.9 0.9 0.9
average_pairwise_L0_distance: 12.282859130282798 12.97397435897436 13.665089587665921
average_pairwise_L1_distance: 6.011885277805509 6.714554069359499 7.41722286091349
average_pairwise_binned_L0_distance: 11.376886713950789 12.22128205128205 13.06567738861331
accuracy_trained: 0.7308447617151246 0.7715 0.8121552382848753
IFr_trained: 0.05646071583656507 0.0992525 0.14204428416343493
valid_IFr_trained: 0.05895351109756244 0.1011425 0.14333148890243755
accuracy_retrained: 0.7161445638769863 0.7699999999999999 0.8238554361230135
IFr_retrained: 0.014356645478114723 0.05976 0.10516335452188527
valid_IFr_retrained: 0.010751814991350112 0.06513250000000001 0.11951318500864991
