validity: 0.45 0.45 0.45
average_pairwise_L0_distance: 13.174443534789098 13.66705128205128 14.159659029313463
average_pairwise_L1_distance: 6.969734494468889 7.41407124210631 7.858407989743731
average_pairwise_binned_L0_distance: 12.46829726868813 13.069102564102565 13.669907859517
accuracy_trained: 0.7308447617151246 0.7715 0.8121552382848753
IFr_trained: 0.05646071583656507 0.0992525 0.14204428416343493
valid_IFr_trained: 0.05895351109756244 0.1011425 0.14333148890243755
accuracy_retrained: 0.7194537158486008 0.765 0.8105462841513992
IFr_retrained: 0.008747844168466065 0.0722275 0.13570715583153392
valid_IFr_retrained: 0.01102836161025296 0.0760025 0.14097663838974706
