validity: 0.5 0.5 0.5
average_pairwise_L0_distance: 13.12856566015671 13.58294871794872 14.037331775740729
average_pairwise_L1_distance: 6.75640122422814 7.29331492991674 7.830228635605339
average_pairwise_binned_L0_distance: 12.434705602385142 12.967692307692309 13.500679012999475
accuracy_trained: 0.7308447617151246 0.7715 0.8121552382848753
IFr_trained: 0.05646071583656507 0.0992525 0.14204428416343493
valid_IFr_trained: 0.05895351109756244 0.1011425 0.14333148890243755
accuracy_retrained: 0.7122802213209976 0.7665 0.8207197786790024
IFr_retrained: 0.011882167827616752 0.059739999999999994 0.10759783217238324
valid_IFr_retrained: 0.018033232765262787 0.0638775 0.10972176723473723
