validity: 0.7 0.7 0.7
average_pairwise_L0_distance: 12.878583768840349 13.413846153846155 13.949108538851961
average_pairwise_L1_distance: 6.69321578021619 7.146268693473442 7.599321606730695
average_pairwise_binned_L0_distance: 12.131482509237967 12.722307692307693 13.313132875377418
accuracy_trained: 0.7308447617151246 0.7715 0.8121552382848753
IFr_trained: 0.05646071583656507 0.0992525 0.14204428416343493
valid_IFr_trained: 0.05895351109756244 0.1011425 0.14333148890243755
accuracy_retrained: 0.7187125276801484 0.7685000000000001 0.8182874723198518
IFr_retrained: 0.007826010426978933 0.07256 0.13729398957302108
valid_IFr_retrained: 0.013916891195158682 0.07747 0.1410231088048413
