validity: 0.2 0.2 0.2
average_pairwise_L0_distance: 13.249412187938528 13.798076923076923 14.346741658215318
average_pairwise_L1_distance: 6.962895308326565 7.479721233266483 7.996547158206401
average_pairwise_binned_L0_distance: 12.637717810973383 13.175641025641024 13.713564240308665
accuracy_trained: 0.7308447617151246 0.7715 0.8121552382848753
IFr_trained: 0.05646071583656507 0.0992525 0.14204428416343493
valid_IFr_trained: 0.05895351109756244 0.1011425 0.14333148890243755
accuracy_retrained: 0.7036796358743475 0.763 0.8223203641256526
IFr_retrained: 0.004608861290332035 0.06689500000000001 0.129181138709668
valid_IFr_retrained: 0.01372335697616238 0.0750875 0.1364516430238376
