validity: 0.5999999999999998 0.5999999999999999 0.6
average_pairwise_L0_distance: 10.389100621149844 10.747655885641553 11.106211150133262
average_pairwise_L1_distance: 3.5598987612943285 3.8082134929890126 4.056528224683697
average_pairwise_binned_L0_distance: 8.746456348832982 9.234588541722013 9.722720734611045
accuracy_trained: 0.8242576872352889 0.833578995854445 0.842900304473601
IFr_trained: 0.05780118546961049 0.075465 0.09312881453038951
valid_IFr_trained: 0.10533551172122077 0.13575 0.16616448827877925
accuracy_retrained: 0.8020882966525597 0.8217718409335177 0.8414553852144758
IFr_retrained: 0.021546129597976575 0.035385 0.049223870402023424
valid_IFr_retrained: 0.04499324632072958 0.06911250000000001 0.09323175367927043
