validity: 0.75 0.75 0.75
average_pairwise_L0_distance: 10.303773653158375 10.654298418680657 11.00482318420294
average_pairwise_L1_distance: 3.4283157576586403 3.6500979739450288 3.8718801902314173
average_pairwise_binned_L0_distance: 8.553457501766896 9.026022402712789 9.498587303658681
accuracy_trained: 0.8242576872352889 0.833578995854445 0.842900304473601
IFr_trained: 0.05780118546961049 0.075465 0.09312881453038951
valid_IFr_trained: 0.10533551172122077 0.13575 0.16616448827877925
accuracy_retrained: 0.8162927348174069 0.8307999385843697 0.8453071423513325
IFr_retrained: 0.031804637229783564 0.051205 0.07060536277021644
valid_IFr_retrained: 0.059987371711825804 0.0858825 0.1117776282881742
