validity: 0.6499999999999999 0.6500000000000001 0.6500000000000004
average_pairwise_L0_distance: 9.619056772076005 10.71881041524244 11.818564058408876
average_pairwise_L1_distance: 3.0004404519682355 3.756346147636181 4.512251843304126
average_pairwise_binned_L0_distance: 7.674472697172414 9.174704085596451 10.674935474020488
accuracy_trained: 0.8041024298445527 0.833578995854445 0.8630555618643372
IFr_trained: 0.019607113917191617 0.075465 0.1313228860828084
valid_IFr_trained: 0.03957094317056338 0.13575 0.23192905682943665
accuracy_retrained: 0.7790928440366577 0.8280669430370029 0.8770410420373481
IFr_retrained: -0.0070478172540408696 0.036024999999999995 0.07909781725404086
valid_IFr_retrained: 0.009578111344591786 0.07695250000000001 0.14432688865540821
