validity: 0.1 0.1 0.1
average_pairwise_L0_distance: 9.641945704657907 10.87243890142405 12.102932098190195
average_pairwise_L1_distance: 2.945430170726611 3.976998215064338 5.008566259402064
average_pairwise_binned_L0_distance: 7.672100963668227 9.471645821304891 11.271190678941554
accuracy_trained: 0.8041024298445527 0.833578995854445 0.8630555618643372
IFr_trained: 0.019607113917191617 0.075465 0.1313228860828084
valid_IFr_trained: 0.03957094317056338 0.13575 0.23192905682943665
accuracy_retrained: 0.7607842977209928 0.8249193919852603 0.8890544862495279
IFr_retrained: -0.005537895800612369 0.029035 0.06360789580061237
valid_IFr_retrained: -0.0033051882080723793 0.0841275 0.17156018820807237
