validity: 0.2 0.2 0.2
average_pairwise_L0_distance: 9.66382344775252 10.862263224200692 12.060703000648864
average_pairwise_L1_distance: 2.984584156119909 3.9668641140585104 4.949144071997112
average_pairwise_binned_L0_distance: 7.734005995232133 9.46602176513163 11.198037535031128
accuracy_trained: 0.8041024298445527 0.833578995854445 0.8630555618643372
IFr_trained: 0.019607113917191617 0.075465 0.1313228860828084
valid_IFr_trained: 0.03957094317056338 0.13575 0.23192905682943665
accuracy_retrained: 0.8119689373410948 0.8359895593428528 0.8600101813446108
IFr_retrained: -0.04692086017308875 0.05482 0.15656086017308876
valid_IFr_retrained: 0.017170144527776432 0.09927 0.18136985547222356
