validity: 0.9499999999999996 0.9499999999999998 0.9500000000000001
average_pairwise_L0_distance: 9.384733174239983 10.492899353091264 11.601065531942545
average_pairwise_L1_distance: 2.7916316462273127 3.3843547918877954 3.977077937548278
average_pairwise_binned_L0_distance: 7.2365193381673985 8.66048968594405 10.084460033720703
accuracy_trained: 0.8041024298445527 0.833578995854445 0.8630555618643372
IFr_trained: 0.019607113917191617 0.075465 0.1313228860828084
valid_IFr_trained: 0.03957094317056338 0.13575 0.23192905682943665
accuracy_retrained: 0.7782100417742434 0.8280669430370029 0.8779238442997624
IFr_retrained: -0.004700678622796398 0.05328000000000001 0.11126067862279641
valid_IFr_retrained: 0.011210985594865844 0.09424249999999999 0.17727401440513413
