validity: 0.2 0.2 0.2
average_pairwise_L0_distance: 10.48328329098877 10.862263224200692 11.241243157412615
average_pairwise_L1_distance: 3.656239917356473 3.9668641140585104 4.277488310760548
average_pairwise_binned_L0_distance: 8.918310287510378 9.46602176513163 10.013733242752883
accuracy_trained: 0.8242576872352889 0.833578995854445 0.842900304473601
IFr_trained: 0.05780118546961049 0.075465 0.09312881453038951
valid_IFr_trained: 0.10533551172122077 0.13575 0.16616448827877925
accuracy_retrained: 0.8283935717089019 0.8359895593428528 0.8435855469768037
IFr_retrained: 0.022646715074832666 0.05482 0.08699328492516734
valid_IFr_retrained: 0.07330774611371348 0.09927 0.12523225388628653
