validity: 0.25 0.25 0.25
average_pairwise_L0_distance: 10.471558006094492 10.850665977134451 11.22977394817441
average_pairwise_L1_distance: 3.6619490740609155 3.9647724930495314 4.267595912038147
average_pairwise_binned_L0_distance: 8.920024413896472 9.456645779980189 9.993267146063905
accuracy_trained: 0.8242576872352889 0.833578995854445 0.842900304473601
IFr_trained: 0.05780118546961049 0.075465 0.09312881453038951
valid_IFr_trained: 0.10533551172122077 0.13575 0.16616448827877925
accuracy_retrained: 0.8323823082096644 0.8379241516966067 0.843465995183549
IFr_retrained: 0.025569630235213664 0.05213249999999999 0.07869536976478632
valid_IFr_retrained: 0.08331617655911833 0.098575 0.11383382344088167
