validity: 0.7 0.7 0.7
average_pairwise_L0_distance: 9.56022135787034 10.683349568038766 11.806477778207192
average_pairwise_L1_distance: 2.961556548242401 3.704240068229906 4.446923588217411
average_pairwise_binned_L0_distance: 7.586192715247035 9.09375123236173 10.601309749476426
accuracy_trained: 0.8041024298445527 0.833578995854445 0.8630555618643372
IFr_trained: 0.019607113917191617 0.075465 0.1313228860828084
valid_IFr_trained: 0.03957094317056338 0.13575 0.23192905682943665
accuracy_retrained: 0.7439561077254282 0.8161983724857975 0.8884406372461668
IFr_retrained: -0.04823283201647781 0.0446125 0.13745783201647782
valid_IFr_retrained: -0.027085331537425525 0.06383 0.15474533153742553
