validity: 0.85 0.85 0.85
average_pairwise_L0_distance: 10.225915372070412 10.576280564046801 10.92664575602319
average_pairwise_L1_distance: 3.3226844708363723 3.5298559759570005 3.7370274810776287
average_pairwise_binned_L0_distance: 8.406970323400815 8.863168353304975 9.319366383209134
accuracy_trained: 0.8242576872352889 0.833578995854445 0.842900304473601
IFr_trained: 0.05780118546961049 0.075465 0.09312881453038951
valid_IFr_trained: 0.10533551172122077 0.13575 0.16616448827877925
accuracy_retrained: 0.8159047829687456 0.8318900660218025 0.8478753490748594
IFr_retrained: 0.026209955111787614 0.04708 0.06795004488821238
valid_IFr_retrained: 0.06147269624998891 0.0833725 0.10527230375001109
