validity: 0.65 0.6500000000000001 0.6500000000000002
average_pairwise_L0_distance: 10.37103777749504 10.71881041524244 11.066583052989841
average_pairwise_L1_distance: 3.5173077781757027 3.756346147636181 3.995384517096659
average_pairwise_binned_L0_distance: 8.700289265126779 9.174704085596451 9.649118906066123
accuracy_trained: 0.8242576872352889 0.833578995854445 0.842900304473601
IFr_trained: 0.05780118546961049 0.075465 0.09312881453038951
valid_IFr_trained: 0.10533551172122077 0.13575 0.16616448827877925
accuracy_retrained: 0.8125799731174362 0.8280669430370029 0.8435539129565696
IFr_retrained: 0.022404179223703143 0.036024999999999995 0.049645820776296846
valid_IFr_retrained: 0.055646847588750076 0.07695250000000001 0.09825815241124994
