validity: 0.5999999999999996 0.5999999999999999 0.6000000000000001
average_pairwise_L0_distance: 9.613804582803656 10.747655885641553 11.88150718847945
average_pairwise_L1_distance: 3.0229733642602077 3.8082134929890126 4.593453621717818
average_pairwise_binned_L0_distance: 7.690979012940029 9.234588541722013 10.778198070503999
accuracy_trained: 0.8041024298445527 0.833578995854445 0.8630555618643372
IFr_trained: 0.019607113917191617 0.075465 0.1313228860828084
valid_IFr_trained: 0.03957094317056338 0.13575 0.23192905682943665
accuracy_retrained: 0.7595270085809089 0.8217718409335177 0.8840166732861265
IFr_retrained: -0.008377350714284075 0.035385 0.07914735071428408
valid_IFr_retrained: -0.00715927708989085 0.06911250000000001 0.14538427708989088
