validity: 0.9499999999999997 0.9499999999999998 0.95
average_pairwise_L0_distance: 10.142466437977708 10.492899353091264 10.84333226820482
average_pairwise_L1_distance: 3.1969192756691083 3.3843547918877954 3.5717903081064826
average_pairwise_binned_L0_distance: 8.21019072399242 8.66048968594405 9.11078864789568
accuracy_trained: 0.8242576872352889 0.833578995854445 0.842900304473601
IFr_trained: 0.05780118546961049 0.075465 0.09312881453038951
valid_IFr_trained: 0.10533551172122077 0.13575 0.16616448827877925
accuracy_retrained: 0.8123008065301583 0.8280669430370029 0.8438330795438475
IFr_retrained: 0.03494489952697287 0.05328000000000001 0.07161510047302715
valid_IFr_retrained: 0.06798562969066953 0.09424249999999999 0.12049937030933046
