validity: 0.55 0.55 0.55
average_pairwise_L0_distance: 10.420086688684727 10.77334946177524 11.126612234865753
average_pairwise_L1_distance: 3.59167292067552 3.843358203806795 4.09504348693807
average_pairwise_binned_L0_distance: 8.808146325129156 9.292029172880131 9.775912020631106
accuracy_trained: 0.8242576872352889 0.833578995854445 0.842900304473601
IFr_trained: 0.05780118546961049 0.075465 0.09312881453038951
valid_IFr_trained: 0.10533551172122077 0.13575 0.16616448827877925
accuracy_retrained: 0.8310448044208801 0.8377706126209119 0.8444964208209437
IFr_retrained: 0.025059551228548794 0.0447175 0.06437544877145121
valid_IFr_retrained: 0.0769779887935195 0.09511500000000002 0.11325201120648054
