validity: 1.0 1.0 1.0
average_pairwise_L0_distance: 10.089820978761102 10.44372696885652 10.797632958951938
average_pairwise_L1_distance: 3.125197505974125 3.3048372288171706 3.4844769516602163
average_pairwise_binned_L0_distance: 8.098403942505808 8.55003713319897 9.001670323892132
accuracy_trained: 0.8242576872352889 0.833578995854445 0.842900304473601
IFr_trained: 0.05780118546961049 0.075465 0.09312881453038951
valid_IFr_trained: 0.10533551172122077 0.13575 0.16616448827877925
accuracy_retrained: 0.7738069807983189 0.7965300168892984 0.8192530529802778
IFr_retrained: 0.003602735319833461 0.025292500000000002 0.046982264680166544
valid_IFr_retrained: 0.008229380813069537 0.038697499999999996 0.06916561918693045
