validity: 0.9 0.9 0.9
average_pairwise_L0_distance: 10.187345289899715 10.537023983677923 10.88670267745613
average_pairwise_L1_distance: 3.2605288248219013 3.4600608631730125 3.6595929015241238
average_pairwise_binned_L0_distance: 8.309272119631304 8.764992779983729 9.220713440336153
accuracy_trained: 0.8242576872352889 0.833578995854445 0.842900304473601
IFr_trained: 0.05780118546961049 0.075465 0.09312881453038951
valid_IFr_trained: 0.10533551172122077 0.13575 0.16616448827877925
accuracy_retrained: 0.8161402464530895 0.8313066175341624 0.8464729886152352
IFr_retrained: 0.030650917482247617 0.04457 0.05848908251775238
valid_IFr_retrained: 0.0694890015011787 0.0904875 0.11148599849882129
