validity: 0.1 0.1 0.1
average_pairwise_L0_distance: 10.483322786711776 10.87243890142405 11.261555016136326
average_pairwise_L1_distance: 3.65078775690906 3.976998215064338 4.303208673219616
average_pairwise_binned_L0_distance: 8.90257977112736 9.471645821304891 10.040711871482422
accuracy_trained: 0.8242576872352889 0.833578995854445 0.842900304473601
IFr_trained: 0.05780118546961049 0.075465 0.09312881453038951
valid_IFr_trained: 0.10533551172122077 0.13575 0.16616448827877925
accuracy_retrained: 0.8046380944027917 0.8249193919852603 0.845200689567729
IFr_retrained: 0.01810209039623943 0.029035 0.039967909603760565
valid_IFr_retrained: 0.05647885633111454 0.0841275 0.11177614366888544
