validity: 0.4 0.4 0.4
average_pairwise_L0_distance: 10.45894794085871 10.824609688163777 11.190271435468844
average_pairwise_L1_distance: 3.642847095313431 3.927839690289157 4.212832285264883
average_pairwise_binned_L0_distance: 8.895900864670473 9.405221789690312 9.914542714710151
accuracy_trained: 0.8242576872352889 0.833578995854445 0.842900304473601
IFr_trained: 0.05780118546961049 0.075465 0.09312881453038951
valid_IFr_trained: 0.10533551172122077 0.13575 0.16616448827877925
accuracy_retrained: 0.8355716062012623 0.8382926454782742 0.8410136847552862
IFr_retrained: 0.03346187806282166 0.04103 0.048598121937178336
valid_IFr_retrained: 0.08074400748074897 0.09028749999999999 0.09983099251925101
