validity: 0.45 0.45 0.45
average_pairwise_L0_distance: 9.677593600128823 10.816311569382409 11.955029538635994
average_pairwise_L1_distance: 3.0497663017567103 3.9088924064943087 4.768018511231907
average_pairwise_binned_L0_distance: 7.787142923952813 9.378917198279474 10.970691472606134
accuracy_trained: 0.8041024298445527 0.833578995854445 0.8630555618643372
IFr_trained: 0.019607113917191617 0.075465 0.1313228860828084
valid_IFr_trained: 0.03957094317056338 0.13575 0.23192905682943665
accuracy_retrained: 0.7342509985907328 0.8066635958851528 0.8790761931795728
IFr_retrained: -0.028366169778502648 0.030232500000000002 0.08883116977850265
valid_IFr_retrained: -0.04648102037453666 0.06539 0.17726102037453667
