validity: 0.45 0.45 0.45
average_pairwise_L0_distance: 10.456217329842117 10.816311569382409 11.1764058089227
average_pairwise_L1_distance: 3.63721287766639 3.9088924064943087 4.180571935322227
average_pairwise_binned_L0_distance: 8.875553975506081 9.378917198279474 9.882280421052867
accuracy_trained: 0.8242576872352889 0.833578995854445 0.842900304473601
IFr_trained: 0.05780118546961049 0.075465 0.09312881453038951
valid_IFr_trained: 0.10533551172122077 0.13575 0.16616448827877925
accuracy_retrained: 0.7837647220112615 0.8066635958851528 0.8295624697590441
IFr_retrained: 0.011701973564385716 0.030232500000000002 0.04876302643561429
valid_IFr_retrained: 0.030013277144936117 0.06539 0.10076672285506388
