validity: 0.8 0.8 0.8
average_pairwise_L0_distance: 10.276197853424517 10.624825403122495 10.973452952820473
average_pairwise_L1_distance: 3.3808653719761885 3.596453849315504 3.8120423266548196
average_pairwise_binned_L0_distance: 8.488473192512817 8.953761787872027 9.419050383231237
accuracy_trained: 0.8242576872352889 0.833578995854445 0.842900304473601
IFr_trained: 0.05780118546961049 0.075465 0.09312881453038951
valid_IFr_trained: 0.10533551172122077 0.13575 0.16616448827877925
accuracy_retrained: 0.8313383682620835 0.837801320436051 0.8442642726100186
IFr_retrained: 0.026386605637555034 0.048620000000000003 0.07085339436244498
valid_IFr_retrained: 0.07284967447859933 0.08757000000000001 0.10229032552140069
