validity: 0.7 0.7 0.7
average_pairwise_L0_distance: 10.328185243186715 10.683349568038766 11.038513892890817
average_pairwise_L1_distance: 3.469382917846736 3.704240068229906 3.9390972186130764
average_pairwise_binned_L0_distance: 8.617019370354894 9.09375123236173 9.570483094368567
accuracy_trained: 0.8242576872352889 0.833578995854445 0.842900304473601
IFr_trained: 0.05780118546961049 0.075465 0.09312881453038951
valid_IFr_trained: 0.10533551172122077 0.13575 0.16616448827877925
accuracy_retrained: 0.793353362488629 0.8161983724857975 0.8390433824829661
IFr_retrained: 0.015252228071337626 0.0446125 0.07397277192866238
valid_IFr_retrained: 0.03508004781123976 0.06383 0.09257995218876024
