validity: 0.35 0.35 0.35
average_pairwise_L0_distance: 10.48774633776707 10.846508121485186 11.205269905203302
average_pairwise_L1_distance: 3.6633443719487464 3.9493870141445186 4.2354296563402904
average_pairwise_binned_L0_distance: 8.932914980820236 9.443043340169622 9.953171699519007
accuracy_trained: 0.8242576872352889 0.833578995854445 0.842900304473601
IFr_trained: 0.05780118546961049 0.075465 0.09312881453038951
valid_IFr_trained: 0.10533551172122077 0.13575 0.16616448827877925
accuracy_retrained: 0.8135418017116539 0.8296023337939505 0.8456628658762472
IFr_retrained: 0.021473344396012194 0.031502499999999996 0.0415316556039878
valid_IFr_retrained: 0.06040132801167489 0.07957 0.09873867198832512
