validity: 0.2999999999999999 0.29999999999999993 0.3
average_pairwise_L0_distance: 10.4830677173516 10.852267722689978 11.221467728028356
average_pairwise_L1_distance: 3.681648448056922 3.9704529050286665 4.259257362000411
average_pairwise_binned_L0_distance: 8.922775489945733 9.452387918545465 9.982000347145197
accuracy_trained: 0.8242576872352889 0.833578995854445 0.842900304473601
IFr_trained: 0.05780118546961049 0.075465 0.09312881453038951
valid_IFr_trained: 0.10533551172122077 0.13575 0.16616448827877925
accuracy_retrained: 0.8087179758901353 0.824458774758176 0.8401995736262167
IFr_retrained: 0.030249040419640494 0.04541749999999999 0.06058595958035949
valid_IFr_retrained: 0.06771930392854525 0.09607 0.12442069607145476
