validity: 0.2999999999999998 0.29999999999999993 0.30000000000000004
average_pairwise_L0_distance: 9.684754793674381 10.852267722689978 12.019780651705576
average_pairwise_L1_distance: 3.0571730225898586 3.9704529050286665 4.8837327874674745
average_pairwise_binned_L0_distance: 7.777606367037015 9.452387918545465 11.127169470053916
accuracy_trained: 0.8041024298445527 0.833578995854445 0.8630555618643372
IFr_trained: 0.019607113917191617 0.075465 0.1313228860828084
valid_IFr_trained: 0.03957094317056338 0.13575 0.23192905682943665
accuracy_retrained: 0.7746819981445671 0.824458774758176 0.8742355513717849
IFr_retrained: -0.0025493808701378892 0.04541749999999999 0.09338438087013787
valid_IFr_retrained: 0.00641722716301521 0.09607 0.1857227728369848
