validity: 0.0 0.0 0.0
average_pairwise_L0_distance: 10.460080285620107 10.857496006262464 11.25491172690482
average_pairwise_L1_distance: 3.6057491126456642 3.9445352785421384 4.283321444438612
average_pairwise_binned_L0_distance: 8.827698895246748 9.42327088580095 10.018842876355151
accuracy_trained: 0.8242576872352889 0.833578995854445 0.842900304473601
IFr_trained: 0.05780118546961049 0.075465 0.09312881453038951
valid_IFr_trained: 0.10533551172122077 0.13575 0.16616448827877925
accuracy_retrained: 0.817362181275807 0.8314755105174267 0.8455888397590465
IFr_retrained: 0.023958003734068443 0.032854999999999995 0.04175199626593155
valid_IFr_retrained: 0.0734276871444679 0.10114999999999999 0.12887231285553208
