validity: 0.05 0.05 0.05
average_pairwise_L0_distance: 10.477091684633354 10.868084930533172 11.25907817643299
average_pairwise_L1_distance: 3.6369207164327895 3.9641598790291184 4.291399041625447
average_pairwise_binned_L0_distance: 8.885068804001262 9.455867812895905 10.026666821790547
accuracy_trained: 0.8242576872352889 0.833578995854445 0.842900304473601
IFr_trained: 0.05780118546961049 0.075465 0.09312881453038951
valid_IFr_trained: 0.10533551172122077 0.13575 0.16616448827877925
accuracy_retrained: 0.8294437297439422 0.8362659296791033 0.8430881296142644
IFr_retrained: 0.030369298538919468 0.039325 0.04828070146108053
valid_IFr_retrained: 0.08442478887490053 0.10101750000000001 0.11761021112509949
