validity: 0.05 0.05 0.05
average_pairwise_L0_distance: 9.631655723747457 10.868084930533172 12.104514137318887
average_pairwise_L1_distance: 2.9293387856185396 3.9641598790291184 4.998980972439697
average_pairwise_binned_L0_distance: 7.6508428586221235 9.455867812895905 11.260892767169686
accuracy_trained: 0.8041024298445527 0.833578995854445 0.8630555618643372
IFr_trained: 0.019607113917191617 0.075465 0.1313228860828084
valid_IFr_trained: 0.03957094317056338 0.13575 0.23192905682943665
accuracy_retrained: 0.8146922392309413 0.8362659296791033 0.8578396201272653
IFr_retrained: 0.011004585338487714 0.039325 0.06764541466151228
valid_IFr_retrained: 0.048546740287470594 0.10101750000000001 0.15348825971252944
