validity: 0.14999999999999994 0.14999999999999997 0.15
average_pairwise_L0_distance: 10.487985479770416 10.865685263964505 11.243385048158594
average_pairwise_L1_distance: 3.665225026481524 3.9811524357928514 4.297079845104179
average_pairwise_binned_L0_distance: 8.906047213237702 9.46089478612104 10.015742359004378
accuracy_trained: 0.8242576872352889 0.833578995854445 0.842900304473601
IFr_trained: 0.05780118546961049 0.075465 0.09312881453038951
valid_IFr_trained: 0.10533551172122077 0.13575 0.16616448827877925
accuracy_retrained: 0.7912777855619155 0.8128665745432212 0.8344553635245269
IFr_retrained: 0.012475775858280337 0.0266475 0.040819224141719665
valid_IFr_retrained: 0.034872300185866706 0.06321249999999999 0.09155269981413328
