validity: 0.0 0.0 0.0
average_pairwise_L0_distance: 9.600757151075419 10.857496006262464 12.114234861449509
average_pairwise_L1_distance: 2.87319935455362 3.9445352785421384 5.015871202530657
average_pairwise_binned_L0_distance: 7.539906885049383 9.42327088580095 11.306634886552516
accuracy_trained: 0.8041024298445527 0.833578995854445 0.8630555618643372
IFr_trained: 0.019607113917191617 0.075465 0.1313228860828084
valid_IFr_trained: 0.03957094317056338 0.13575 0.23192905682943665
accuracy_retrained: 0.7868452447460512 0.8314755105174267 0.8761057762888023
IFr_retrained: 0.004720227465643153 0.032854999999999995 0.060989772534356834
valid_IFr_retrained: 0.013484349368752174 0.10114999999999999 0.1888156506312478
