validity: 0.5 0.5 0.5
average_pairwise_L0_distance: 10.425093844939713 10.7830455362825 11.140997227625288
average_pairwise_L1_distance: 3.6066784313914315 3.867547520372537 4.128416609353643
average_pairwise_binned_L0_distance: 8.81953428643774 9.314916919632896 9.810299552828052
accuracy_trained: 0.8242576872352889 0.833578995854445 0.842900304473601
IFr_trained: 0.05780118546961049 0.075465 0.09312881453038951
valid_IFr_trained: 0.10533551172122077 0.13575 0.16616448827877925
accuracy_retrained: 0.7939316104461288 0.8156302779057271 0.8373289453653253
IFr_retrained: 0.015844939142196486 0.032827499999999996 0.049810060857803505
valid_IFr_retrained: 0.0369791923211419 0.065155 0.09333080767885811
