validity: 0.85 0.85 0.85
average_pairwise_L0_distance: 9.468328544559263 10.576280564046801 11.684232583534339
average_pairwise_L1_distance: 2.8747221534905796 3.5298559759570005 4.1849897984234214
average_pairwise_binned_L0_distance: 7.420543514726224 8.863168353304975 10.305793191883726
accuracy_trained: 0.8041024298445527 0.833578995854445 0.8630555618643372
IFr_trained: 0.019607113917191617 0.075465 0.1313228860828084
valid_IFr_trained: 0.03957094317056338 0.13575 0.23192905682943665
accuracy_retrained: 0.7813401625316524 0.8318900660218025 0.8824399695119526
IFr_retrained: -0.018916876716705305 0.04708 0.1130768767167053
valid_IFr_retrained: 0.01411923983926823 0.0833725 0.15262576016073176
