validity: 0.8 0.8 0.8
average_pairwise_L0_distance: 9.52236829099334 10.624825403122495 11.72728251525165
average_pairwise_L1_distance: 2.9147032236356702 3.596453849315504 4.278204474995338
average_pairwise_binned_L0_distance: 7.48239005723647 8.953761787872027 10.425133518507584
accuracy_trained: 0.8041024298445527 0.833578995854445 0.8630555618643372
IFr_trained: 0.019607113917191617 0.075465 0.1313228860828084
valid_IFr_trained: 0.03957094317056338 0.13575 0.23192905682943665
accuracy_retrained: 0.8173636711575768 0.837801320436051 0.8582389697145253
IFr_retrained: -0.021688166302073313 0.048620000000000003 0.11892816630207331
valid_IFr_retrained: 0.04102024345326821 0.08757000000000001 0.1341197565467318
