validity: 1.0 1.0 1.0
average_pairwise_L0_distance: 10.805594857787236 10.87609743656953 10.946600015351825
average_pairwise_L1_distance: 3.440360508644601 3.510118802855586 3.5798770970665705
average_pairwise_binned_L0_distance: 9.013099584268216 9.171920217344333 9.33074085042045
accuracy_trained: 0.8068705555235914 0.809504068785506 0.8121375820474205
IFr_trained: 0.09504902067538007 0.0976175 0.10018597932461992
valid_IFr_trained: 0.2772955446948588 0.2846675 0.29203945530514125
accuracy_retrained: 0.8029583869572687 0.8057730692461231 0.8085877515349775
IFr_retrained: 0.08329934904925297 0.09953999999999999 0.11578065095074701
valid_IFr_retrained: 0.16440169770656 0.17905000000000001 0.19369830229344004
