validity: 0.55 0.55 0.55
average_pairwise_L0_distance: 11.071992332449692 11.133918845364136 11.195845358278579
average_pairwise_L1_distance: 3.8750526466775113 3.9534873002847504 4.03192195389199
average_pairwise_binned_L0_distance: 9.565561918697245 9.731123878477032 9.896685838256818
accuracy_trained: 0.8068705555235914 0.809504068785506 0.8121375820474205
IFr_trained: 0.09504902067538007 0.0976175 0.10018597932461992
valid_IFr_trained: 0.2772955446948588 0.2846675 0.29203945530514125
accuracy_retrained: 0.8053152788824083 0.8076462459695992 0.8099772130567902
IFr_retrained: 0.0747473734362495 0.08780999999999999 0.10087262656375047
valid_IFr_retrained: 0.16555080046418164 0.17948499999999998 0.19341919953581832
