validity: 0.5999999999999998 0.5999999999999999 0.6
average_pairwise_L0_distance: 11.051891329747292 11.115994195650043 11.180097061552793
average_pairwise_L1_distance: 3.842784245767711 3.920106623756871 3.997429001746031
average_pairwise_binned_L0_distance: 9.5266065840481 9.689575666124723 9.852544748201346
accuracy_trained: 0.8068705555235914 0.809504068785506 0.8121375820474205
IFr_trained: 0.09504902067538007 0.0976175 0.10018597932461992
valid_IFr_trained: 0.2772955446948588 0.2846675 0.29203945530514125
accuracy_retrained: 0.805040861943351 0.8074312912636266 0.8098217205839021
IFr_retrained: 0.07498694888222657 0.0874575 0.09992805111777342
valid_IFr_retrained: 0.16381815470355102 0.1788325 0.193846845296449
