validity: 0.5 0.5 0.5
average_pairwise_L0_distance: 11.087544287385983 11.147173921513758 11.206803555641534
average_pairwise_L1_distance: 3.901413421052298 3.976653409096052 4.051893397139806
average_pairwise_binned_L0_distance: 9.60289799205832 9.763492102848925 9.92408621363953
accuracy_trained: 0.8068705555235914 0.809504068785506 0.8121375820474205
IFr_trained: 0.09504902067538007 0.0976175 0.10018597932461992
valid_IFr_trained: 0.2772955446948588 0.2846675 0.29203945530514125
accuracy_retrained: 0.8058549342285111 0.8080608014739751 0.8102666687194391
IFr_retrained: 0.07285537414232861 0.08530499999999999 0.09775462585767138
valid_IFr_retrained: 0.16395485127116155 0.17790999999999996 0.19186514872883836
