validity: 0.8 0.8 0.8
average_pairwise_L0_distance: 10.789501502421299 11.013762425453184 11.238023348485068
average_pairwise_L1_distance: 3.5002536282383634 3.74403280122437 3.987811974210377
average_pairwise_binned_L0_distance: 8.934403361788933 9.46653147584689 9.998659589904848
accuracy_trained: 0.8011761686295965 0.809504068785506 0.8178319689414154
IFr_trained: 0.08949525521115005 0.0976175 0.10573974478884994
valid_IFr_trained: 0.2613553304267921 0.2846675 0.30797966957320794
accuracy_retrained: 0.7972003343935192 0.8066175341624444 0.8160347339313696
IFr_retrained: 0.04615100173089902 0.0943225 0.14249399826910097
valid_IFr_retrained: 0.13251421606779631 0.18100249999999998 0.22949078393220365
