validity: 0.35 0.35 0.35
average_pairwise_L0_distance: 11.126203144744101 11.18017299702108 11.234142849298058
average_pairwise_L1_distance: 3.9632812399484485 4.040870405097655 4.118459570246861
average_pairwise_binned_L0_distance: 9.69640549848681 9.850294409003592 10.004183319520374
accuracy_trained: 0.8068705555235914 0.809504068785506 0.8121375820474205
IFr_trained: 0.09504902067538007 0.0976175 0.10018597932461992
valid_IFr_trained: 0.2772955446948588 0.2846675 0.29203945530514125
accuracy_retrained: 0.8058425167192177 0.8081989866421004 0.8105554565649832
IFr_retrained: 0.07011762533544974 0.0814675 0.09281737466455026
valid_IFr_retrained: 0.15893019168519743 0.1734125 0.18789480831480257
