validity: 0.9 0.9 0.9
average_pairwise_L0_distance: 10.87692905724228 10.947378419766904 11.017827782291528
average_pairwise_L1_distance: 3.5556441950546374 3.631092442938165 3.7065406908216927
average_pairwise_binned_L0_distance: 9.159649119832814 9.322752792074159 9.485856464315503
accuracy_trained: 0.8068705555235914 0.809504068785506 0.8121375820474205
IFr_trained: 0.09504902067538007 0.0976175 0.10018597932461992
valid_IFr_trained: 0.2772955446948588 0.2846675 0.29203945530514125
accuracy_retrained: 0.803058244942451 0.8060494395823736 0.8090406342222962
IFr_retrained: 0.08210481755540168 0.098145 0.11418518244459831
valid_IFr_retrained: 0.1667805722948472 0.1824975 0.19821442770515282
