validity: 0.9499999999999997 0.9499999999999998 0.95
average_pairwise_L0_distance: 10.84718455915535 10.915869867324083 10.984555175492817
average_pairwise_L1_distance: 3.505294406889624 3.5758275255501912 3.6463606442107586
average_pairwise_binned_L0_distance: 9.09401140211327 9.254199003248122 9.414386604382972
accuracy_trained: 0.8068705555235914 0.809504068785506 0.8121375820474205
IFr_trained: 0.09504902067538007 0.0976175 0.10018597932461992
valid_IFr_trained: 0.2772955446948588 0.2846675 0.29203945530514125
accuracy_retrained: 0.8032423935564086 0.8060801473975125 0.8089179012386165
IFr_retrained: 0.084375432587483 0.09887000000000001 0.11336456741251702
valid_IFr_retrained: 0.16600404006531383 0.182215 0.19842595993468615
