validity: 0.4 0.4 0.4
average_pairwise_L0_distance: 11.121325187619401 11.176334758445293 11.231344329271185
average_pairwise_L1_distance: 3.948651960834321 4.026376937223716 4.104101913613111
average_pairwise_binned_L0_distance: 9.672415019062486 9.83197032650059 9.991525633938695
accuracy_trained: 0.8068705555235914 0.809504068785506 0.8121375820474205
IFr_trained: 0.09504902067538007 0.0976175 0.10018597932461992
valid_IFr_trained: 0.2772955446948588 0.2846675 0.29203945530514125
accuracy_retrained: 0.805235728314373 0.8078304928604328 0.8104252574064927
IFr_retrained: 0.07080086378593207 0.08224 0.09367913621406791
valid_IFr_retrained: 0.16137910280838436 0.17479499999999998 0.1882108971916156
