validity: 0.2999999999999999 0.29999999999999993 0.3
average_pairwise_L0_distance: 11.129984707747429 11.18706867339433 11.244152639041232
average_pairwise_L1_distance: 3.9676318097149856 4.045252289249005 4.122872768783024
average_pairwise_binned_L0_distance: 9.7224628978243 9.875774513519673 10.029086129215045
accuracy_trained: 0.8068705555235914 0.809504068785506 0.8121375820474205
IFr_trained: 0.09504902067538007 0.0976175 0.10018597932461992
valid_IFr_trained: 0.2772955446948588 0.2846675 0.29203945530514125
accuracy_retrained: 0.8058142132473934 0.80821434054967 0.8106144678519466
IFr_retrained: 0.06893674812287849 0.0797625 0.09058825187712151
valid_IFr_retrained: 0.15982950729566098 0.17316749999999997 0.18650549270433897
