validity: 0.75 0.75 0.75
average_pairwise_L0_distance: 10.9814119159264 11.046881814886575 11.112351713846751
average_pairwise_L1_distance: 3.721272668894822 3.796518936747013 3.871765204599204
average_pairwise_binned_L0_distance: 9.371762358265388 9.535130249565796 9.698498140866205
accuracy_trained: 0.8068705555235914 0.809504068785506 0.8121375820474205
IFr_trained: 0.09504902067538007 0.0976175 0.10018597932461992
valid_IFr_trained: 0.2772955446948588 0.2846675 0.29203945530514125
accuracy_retrained: 0.8036802835142821 0.8066635958851528 0.8096469082560235
IFr_retrained: 0.07882873942884891 0.09306 0.1072912605711511
valid_IFr_retrained: 0.16676783516800464 0.1815925 0.19641716483199534
