validity: 0.14999999999999994 0.14999999999999997 0.15
average_pairwise_L0_distance: 11.14419914443172 11.194018780307243 11.243838416182765
average_pairwise_L1_distance: 4.008302396152562 4.081766275641666 4.15523015513077
average_pairwise_binned_L0_distance: 9.766699091298287 9.910674289303632 10.054649487308977
accuracy_trained: 0.8068705555235914 0.809504068785506 0.8121375820474205
IFr_trained: 0.09504902067538007 0.0976175 0.10018597932461992
valid_IFr_trained: 0.2772955446948588 0.2846675 0.29203945530514125
accuracy_retrained: 0.8057806394725082 0.8081836327345309 0.8105866259965535
IFr_retrained: 0.064820509229916 0.0745525 0.08428449077008399
valid_IFr_retrained: 0.15217161890196237 0.16474250000000001 0.17731338109803765
