validity: 0.85 0.85 0.85
average_pairwise_L0_distance: 10.91359231507401 10.985101853590113 11.056611392106214
average_pairwise_L1_distance: 3.6212005938520395 3.697409571380701 3.7736185489093623
average_pairwise_binned_L0_distance: 9.237616200379064 9.402829089286156 9.568041978193248
accuracy_trained: 0.8068705555235914 0.809504068785506 0.8121375820474205
IFr_trained: 0.09504902067538007 0.0976175 0.10018597932461992
valid_IFr_trained: 0.2772955446948588 0.2846675 0.29203945530514125
accuracy_retrained: 0.803676788865573 0.8064947029018885 0.809312616938204
IFr_retrained: 0.08047354559861494 0.0948125 0.10915145440138505
valid_IFr_retrained: 0.1670799731060249 0.18261750000000002 0.19815502689397513
