validity: 0.45 0.45 0.45
average_pairwise_L0_distance: 11.102301500091288 11.162015866325206 11.221730232559123
average_pairwise_L1_distance: 3.9216626379674535 3.9988913710411422 4.076120104114831
average_pairwise_binned_L0_distance: 9.635599019021987 9.800189503288857 9.964779987555728
accuracy_trained: 0.8068705555235914 0.809504068785506 0.8121375820474205
IFr_trained: 0.09504902067538007 0.0976175 0.10018597932461992
valid_IFr_trained: 0.2772955446948588 0.2846675 0.29203945530514125
accuracy_retrained: 0.80512370947862 0.807477352986335 0.8098309964940501
IFr_retrained: 0.07073468282518196 0.083375 0.09601531717481805
valid_IFr_retrained: 0.16036448958816868 0.17500749999999998 0.18965051041183129
