validity: 0.0 0.0 0.0
average_pairwise_L0_distance: 11.13499645580313 11.182146901060392 11.229297346317654
average_pairwise_L1_distance: 4.00199710618657 4.07749264578108 4.152988185375589
average_pairwise_binned_L0_distance: 9.767279952765017 9.900972665478877 10.034665378192736
accuracy_trained: 0.8068705555235914 0.809504068785506 0.8121375820474205
IFr_trained: 0.09504902067538007 0.0976175 0.10018597932461992
valid_IFr_trained: 0.2772955446948588 0.2846675 0.29203945530514125
accuracy_retrained: 0.806133500534506 0.808567480423768 0.81100146031303
IFr_retrained: 0.0596575342108681 0.0682225 0.07678746578913191
valid_IFr_retrained: 0.14545008393365708 0.15839 0.17132991606634293
