validity: 0.9 0.9 0.9
average_pairwise_L0_distance: 10.724597974482187 10.947378419766904 11.170158865051622
average_pairwise_L1_distance: 3.392504134157239 3.631092442938165 3.869680751719091
average_pairwise_binned_L0_distance: 8.80697369305393 9.322752792074159 9.838531891094387
accuracy_trained: 0.8011761686295965 0.809504068785506 0.8178319689414154
IFr_trained: 0.08949525521115005 0.0976175 0.10573974478884994
valid_IFr_trained: 0.2613553304267921 0.2846675 0.30797966957320794
accuracy_retrained: 0.796590451595331 0.8060494395823736 0.8155084275694162
IFr_retrained: 0.04742148939042171 0.098145 0.1488685106095783
valid_IFr_retrained: 0.1327962106315138 0.1824975 0.2321987893684862
