validity: 0.8 0.8 0.8
average_pairwise_L0_distance: 10.942844894757936 11.013762425453184 11.084679956148431
average_pairwise_L1_distance: 3.666943057949573 3.74403280122437 3.8211225444991674
average_pairwise_binned_L0_distance: 9.29825779110359 9.46653147584689 9.634805160590192
accuracy_trained: 0.8068705555235914 0.809504068785506 0.8121375820474205
IFr_trained: 0.09504902067538007 0.0976175 0.10018597932461992
valid_IFr_trained: 0.2772955446948588 0.2846675 0.29203945530514125
accuracy_retrained: 0.803639554117383 0.8066175341624444 0.8095955142075059
IFr_retrained: 0.07908933471667823 0.0943225 0.10955566528332178
valid_IFr_retrained: 0.1656691582941291 0.18100249999999998 0.19633584170587087
