validity: 0.05 0.05 0.05
average_pairwise_L0_distance: 11.13696551229688 11.185828814181694 11.234692116066507
average_pairwise_L1_distance: 4.010052391183876 4.086280736829777 4.162509082475678
average_pairwise_binned_L0_distance: 9.76901616504575 9.905576946009864 10.042137726973978
accuracy_trained: 0.8068705555235914 0.809504068785506 0.8121375820474205
IFr_trained: 0.09504902067538007 0.0976175 0.10018597932461992
valid_IFr_trained: 0.2772955446948588 0.2846675 0.29203945530514125
accuracy_retrained: 0.8062431022588044 0.8085981882389068 0.8109532742190093
IFr_retrained: 0.06252166426115917 0.0713475 0.08017333573884082
valid_IFr_retrained: 0.14723970767274253 0.1621725 0.17710529232725747
