validity: 0.2 0.2 0.2
average_pairwise_L0_distance: 11.146356979120618 11.196023264628058 11.245689550135499
average_pairwise_L1_distance: 4.015206137760011 4.084877478433475 4.154548819106939
average_pairwise_binned_L0_distance: 9.757101507820398 9.902679493855016 10.048257479889635
accuracy_trained: 0.8068705555235914 0.809504068785506 0.8121375820474205
IFr_trained: 0.09504902067538007 0.0976175 0.10018597932461992
valid_IFr_trained: 0.2772955446948588 0.2846675 0.29203945530514125
accuracy_retrained: 0.8058206975373234 0.8082296944572394 0.8106386913771553
IFr_retrained: 0.06574031512615965 0.07605749999999999 0.08637468487384033
valid_IFr_retrained: 0.15300410041940557 0.16592 0.17883589958059445
