validity: 0.65 0.6500000000000001 0.6500000000000002
average_pairwise_L0_distance: 11.03081233728197 11.095347428599764 11.159882519917558
average_pairwise_L1_distance: 3.801752334477359 3.8772934099155294 3.9528344853536996
average_pairwise_binned_L0_distance: 9.473830498790491 9.63999121554848 9.80615193230647
accuracy_trained: 0.8068705555235914 0.809504068785506 0.8121375820474205
IFr_trained: 0.09504902067538007 0.0976175 0.10018597932461992
valid_IFr_trained: 0.2772955446948588 0.2846675 0.29203945530514125
accuracy_retrained: 0.8049035516269338 0.8073852295409182 0.8098669074549025
IFr_retrained: 0.07675850062278222 0.09037 0.10398149937721779
valid_IFr_retrained: 0.16599625197860243 0.1807525 0.1955087480213976
