validity: 0.0 0.0 0.0
average_pairwise_L0_distance: 11.033044101356356 11.182146901060392 11.331249700764428
average_pairwise_L1_distance: 3.8387547874790053 4.07749264578108 4.316230504083154
average_pairwise_binned_L0_distance: 9.478199186736532 9.900972665478877 10.323746144221221
accuracy_trained: 0.8011761686295965 0.809504068785506 0.8178319689414154
IFr_trained: 0.08949525521115005 0.0976175 0.10573974478884994
valid_IFr_trained: 0.2613553304267921 0.2846675 0.30797966957320794
accuracy_retrained: 0.800870560194656 0.808567480423768 0.8162644006528801
IFr_retrained: 0.04113770002492173 0.0682225 0.09530729997507828
valid_IFr_retrained: 0.11747039249894986 0.15839 0.19930960750105015
