validity: 0.2 0.2 0.2
average_pairwise_L0_distance: 11.038964679504334 11.196023264628058 11.353081849751783
average_pairwise_L1_distance: 3.8645573542677982 4.084877478433475 4.305197602599151
average_pairwise_binned_L0_distance: 9.442321480805436 9.902679493855016 10.363037506904597
accuracy_trained: 0.8011761686295965 0.809504068785506 0.8178319689414154
IFr_trained: 0.08949525521115005 0.0976175 0.10573974478884994
valid_IFr_trained: 0.2613553304267921 0.2846675 0.30797966957320794
accuracy_retrained: 0.8006117773139747 0.8082296944572394 0.815847611600504
IFr_retrained: 0.04343169675762755 0.07605749999999999 0.10868330324237242
valid_IFr_retrained: 0.12507633929530804 0.16592 0.206763660704692
