validity: 0.25 0.25 0.25
average_pairwise_L0_distance: 11.137610106716995 11.189145771124895 11.240681435532796
average_pairwise_L1_distance: 3.9844358697651043 4.067722199910097 4.15100853005509
average_pairwise_binned_L0_distance: 9.73565781405532 9.886841505588873 10.038025197122424
accuracy_trained: 0.8068705555235914 0.809504068785506 0.8121375820474205
IFr_trained: 0.09504902067538007 0.0976175 0.10018597932461992
valid_IFr_trained: 0.2772955446948588 0.2846675 0.29203945530514125
accuracy_retrained: 0.8060136088599593 0.8084600030707817 0.8109063972816041
IFr_retrained: 0.06686686997086966 0.0768925 0.08691813002913035
valid_IFr_retrained: 0.15692425978073146 0.1693825 0.18184074021926852
