validity: 0.05 0.05 0.05
average_pairwise_L0_distance: 11.031309486229286 11.185828814181694 11.3403481421341
average_pairwise_L1_distance: 3.8452255423221526 4.086280736829777 4.327335931337402
average_pairwise_binned_L0_distance: 9.473733839111896 9.905576946009864 10.337420052907833
accuracy_trained: 0.8011761686295965 0.809504068785506 0.8178319689414154
IFr_trained: 0.08949525521115005 0.0976175 0.10573974478884994
valid_IFr_trained: 0.2613553304267921 0.2846675 0.30797966957320794
accuracy_retrained: 0.8011507524562529 0.8085981882389068 0.8160456240215608
IFr_retrained: 0.04343775681074797 0.0713475 0.09925724318925203
valid_IFr_retrained: 0.11495086441957987 0.1621725 0.20939413558042014
