validity: 0.1 0.1 0.1
average_pairwise_L0_distance: 11.150638932128873 11.198061753277345 11.245484574425818
average_pairwise_L1_distance: 4.008688397637273 4.086189383783042 4.163690369928811
average_pairwise_binned_L0_distance: 9.771392489136007 9.909617793709435 10.047843098282863
accuracy_trained: 0.8068705555235914 0.809504068785506 0.8121375820474205
IFr_trained: 0.09504902067538007 0.0976175 0.10018597932461992
valid_IFr_trained: 0.2772955446948588 0.2846675 0.29203945530514125
accuracy_retrained: 0.8058801590937169 0.8082911100875172 0.8107020610813175
IFr_retrained: 0.06381140950873061 0.07341500000000001 0.0830185904912694
valid_IFr_retrained: 0.15056543473534711 0.1635575 0.17654956526465287
