validity: 0.1 0.1 0.1
average_pairwise_L0_distance: 11.048097625377368 11.198061753277345 11.348025881177323
average_pairwise_L1_distance: 3.841109746653256 4.086189383783042 4.331269020912828
average_pairwise_binned_L0_distance: 9.472511000986913 9.909617793709435 10.346724586431957
accuracy_trained: 0.8011761686295965 0.809504068785506 0.8178319689414154
IFr_trained: 0.08949525521115005 0.0976175 0.10573974478884994
valid_IFr_trained: 0.2613553304267921 0.2846675 0.30797966957320794
accuracy_retrained: 0.8006670136200617 0.8082911100875172 0.8159152065549727
IFr_retrained: 0.04304578033205332 0.07341500000000001 0.1037842196679467
valid_IFr_retrained: 0.12247298225413861 0.1635575 0.20464201774586138
