validity: 0.1499999999999999 0.14999999999999997 0.15000000000000002
average_pairwise_L0_distance: 11.036475258740358 11.194018780307243 11.351562301874127
average_pairwise_L1_distance: 3.849453090703971 4.081766275641666 4.314079460579361
average_pairwise_binned_L0_distance: 9.455384737033011 9.910674289303632 10.365963841574253
accuracy_trained: 0.8011761686295965 0.809504068785506 0.8178319689414154
IFr_trained: 0.08949525521115005 0.0976175 0.10573974478884994
valid_IFr_trained: 0.2613553304267921 0.2846675 0.30797966957320794
accuracy_retrained: 0.8005847008245016 0.8081836327345309 0.8157825646445601
IFr_retrained: 0.04377724299879853 0.0745525 0.10532775700120145
valid_IFr_retrained: 0.12498988353504265 0.16474250000000001 0.20449511646495738
