validity: 0.7 0.7 0.7
average_pairwise_L0_distance: 10.998896023441315 11.0698381606492 11.140780297857084
average_pairwise_L1_distance: 3.7508893297980843 3.8333922957398863 3.915895261681688
average_pairwise_binned_L0_distance: 9.423527677035691 9.595050835290355 9.766573993545018
accuracy_trained: 0.8068705555235914 0.809504068785506 0.8121375820474205
IFr_trained: 0.09504902067538007 0.0976175 0.10018597932461992
valid_IFr_trained: 0.2772955446948588 0.2846675 0.29203945530514125
accuracy_retrained: 0.8039328477718286 0.8066789497927223 0.8094250518136159
IFr_retrained: 0.07698617509617559 0.091255 0.10552382490382442
valid_IFr_retrained: 0.16586782558143764 0.1810325 0.19619717441856238
